1 P21/c 1.2643 -150.1563
2 P-1 1.2766 -147.1618
3 P21/c 1.2610 -151.0380
4 P21/c 1.2702 -151.7710
5 P-1 1.2561 -150.5153
6 P-1 1.2558 -148.4411
7 Cc 1.2493 -151.5765
8 P21/c 1.2558 -152.1115
9 P-1 1.2558 -148.4405
10 P21/c 1.2558 -152.1144
11 P21/c 1.2545 -149.5826
12 P21/c 1.2644 -153.6761
13 C2/c 1.2486 -151.0504
14 P-1 1.2716 -146.5797
15 Cc 1.2527 -147.2808
16 P1 1.2543 -150.4605
17 P21/c 1.2364 -146.3944
18 Cc 1.2523 -146.8048
19 Pna21 1.2597 -151.3489
20 P-1 1.2621 -149.3452
21 P21/c 1.2497 -151.9227
22 P1 1.2475 -148.8610
23 P21/c 1.2285 -144.5355
24 P21 1.2526 -158.1496
25 P-1 1.2537 -152.5985
26 P-1 1.2622 -146.5070
27 C2/c 1.2498 -150.2090
28 P-1 1.2417 -146.1253
29 P-1 1.2478 -145.3453
30 P21/c 1.2368 -146.1905
31 Pna21 1.2312 -144.8555
32 P21/c 1.2534 -147.2855
33 P21/c 1.2418 -150.0553
34 C2/c 1.2647 -141.9489
35 P-1 1.2613 -147.4447
36 P-1 1.2378 -149.2021
37 P-1 1.2434 -144.0241
38 P-1 1.2626 -146.1921
39 P-1 1.2452 -144.2711
40 P-1 1.2468 -150.6637
41 P-1 1.2515 -147.7406
42 P-1 1.2385 -145.0839
43 P-1 1.2468 -150.6599
44 P-1 1.2401 -148.1739
45 P-1 1.2386 -146.2122
46 P-1 1.2511 -144.9462
47 P-1 1.2476 -147.6631
48 Cc 1.2328 -147.2473
49 P21/c 1.2539 -142.6245
50 P-1 1.2444 -146.1842
51 P-1 1.2428 -146.9551
52 P-1 1.2332 -145.2176
53 P21/c 1.2571 -148.0384
54 P21/c 1.2502 -145.4036
55 P-1 1.2468 -150.6537
56 P-1 1.2500 -146.3056
57 P-1 1.2316 -148.3398
58 C2 1.2474 -147.9968
59 P-1 1.2488 -142.4503
60 P21/c 1.2374 -147.1125
61 P-1 1.2477 -147.8871
62 Pbca 1.2213 -144.1185
63 P-1 1.2481 -144.0250
64 P21/c 1.2350 -141.8819
65 P21/c 1.2386 -147.4813
66 P-1 1.2490 -145.6089
67 P21 1.2408 -147.6537
68 P-1 1.2479 -144.8225
69 P-1 1.2521 -146.6622
70 P-1 1.2528 -144.8673
71 P-1 1.2553 -145.6996
72 P-1 1.2386 -144.6853
73 P21/c 1.2432 -147.9136
74 P21/c 1.2623 -141.8057
75 P21/c 1.2518 -144.4269
76 P21/c 1.2514 -148.2568
77 P-1 1.2461 -141.5735
78 P-1 1.2537 -152.5793
79 C2/c 1.2337 -145.6173
80 P-1 1.2074 -145.8900
81 P-1 1.2206 -145.4073
82 P21/c 1.2498 -148.3118
83 P21 1.2386 -158.5867
84 P21/c 1.2451 -148.3958
85 P-1 1.2490 -143.3308
86 P-1 1.2329 -144.7008
87 P-1 1.2299 -148.5454
88 P-1 1.2399 -143.6517
89 P-1 1.2423 -145.4396
90 Pca21 1.2263 -144.7597
91 C2 1.2386 -144.3005
92 P21/c 1.2321 -140.8837
93 P21/c 1.2528 -142.3541
94 P21/c 1.2582 -140.3474
95 P-1 1.2527 -144.8276
96 P21/c 1.2172 -146.6241
97 P-1 1.2442 -144.3191
98 Cc 1.2381 -148.2194
99 P-1 1.2359 -148.1090
100 Pbca 1.2436 -157.2881
101 P21/c 1.2371 -144.8205
102 P-1 1.2537 -152.5808
103 P21/c 1.2442 -143.5550
104 C2/c 1.2369 -145.9264
105 P-1 1.2331 -146.2146
106 P-1 1.2386 -149.7420
107 P21/c 1.2290 -146.4398
108 P-1 1.2429 -144.3566
109 P21/c 1.2488 -143.7203
110 Cc 1.2326 -147.6858
111 P-1 1.1911 -142.7486
112 P21/c 1.2550 -145.5527
113 C2 1.2389 -145.3186
114 C2/c 1.2302 -146.4481
115 P-1 1.2563 -143.3075
116 P21/c 1.2418 -145.2176
117 Pbca 1.2278 -146.0712
118 P-1 1.2304 -141.7863
119 Pca21 1.2310 -145.7335
120 Pna21 1.2465 -140.1920
121 P21 1.2457 -143.7110
122 P21/c 1.2536 -141.1998
123 P21/c 1.2264 -143.9199
124 P-1 1.2609 -145.1655
125 P-1 1.2534 -146.0553
126 Pbca 1.2136 -145.2338
127 C2/c 1.2298 -149.2202
128 P-1 1.2490 -143.3347
129 C2/c 1.2325 -146.8109
130 P-1 1.2286 -142.5907
131 C2/c 1.2280 -145.7963
132 C2/c 1.2299 -142.3141
133 P21/c 1.2428 -141.8967
134 P21/c 1.2418 -146.4001
135 Cc 1.2379 -147.6676
136 Pca21 1.2267 -144.2347
137 P21/c 1.2103 -144.6782
138 P21/c 1.2370 -139.3505
139 C2/c 1.2339 -148.2803
140 P-1 1.2456 -141.7767
141 P-1 1.2520 -146.6311
142 P21 1.2355 -155.5105
143 C2/c 1.2163 -142.6142
144 C2/c 1.2131 -140.1115
145 C2/c 1.2384 -150.3871
146 P21/c 1.2417 -139.1810
147 P-1 1.2426 -146.7220
148 P21/c 1.2429 -142.9113
149 C2/c 1.2491 -143.4199
150 P31 1.2389 -149.4483
151 P-1 1.2271 -141.9246
152 P21/c 1.2472 -139.4002
153 C2/c 1.2280 -145.7979
154 C2/c 1.2326 -148.0290
155 P21/c 1.2387 -143.5089
156 P-1 1.2403 -141.2661
157 P-1 1.2516 -147.7751
158 P21/c 1.2246 -145.2632
159 Pbca 1.2097 -145.8415
160 P-1 1.2325 -145.2764
161 P21/c 1.2489 -143.2598
162 P-1 1.2327 -144.8696
163 C2/c 1.2333 -146.2558
164 P21/c 1.2451 -148.4030
165 P21 1.2421 -145.0653
166 P21/c 1.2297 -147.3269
167 P21/c 1.2291 -143.0886
168 P-1 1.2264 -146.4160
169 P-1 1.2250 -140.1106
170 P-1 1.2360 -144.1926
171 P21/c 1.2417 -144.3399
172 P-1 1.2085 -141.1667
173 P-1 1.2520 -146.6262
174 P-1 1.2187 -141.5844
175 P-1 1.2156 -142.9511
176 P21 1.2355 -142.8651
177 P21/c 1.2285 -145.3453
178 P21/c 1.2398 -152.4234
179 P-1 1.2248 -140.6034
180 P-1 1.2085 -142.5154
181 PBCN 1.2248 -149.9344
182 P-1 1.2152 -146.1694
183 P21/c 1.2533 -142.3137
184 P21/c 1.2498 -138.6713
185 P-1 1.2377 -142.1338
186 P21 1.2333 -144.3029
187 C2/c 1.2195 -142.3533
188 P-1 1.2476 -147.6627
189 P-1 1.2413 -145.1965
190 P-1 1.2401 -148.3414
191 P-1 1.2234 -139.8190
192 P21 1.2288 -154.0399
193 P-1 1.2400 -148.3372
194 P21/c 1.2262 -141.3295
195 P-1 1.2424 -145.4360
196 P-1 1.2515 -147.7500
197 P21/c 1.2358 -143.4926
198 P-1 1.2424 -145.4363
199 P21/c 1.2348 -145.1086
200 C2/c 1.2380 -142.3567
201 P21/c 1.2451 -148.3957
202 C2/c 1.2489 -148.4107
203 Pc 1.2377 -139.3886
204 P-1 1.2091 -141.4701
205 C2/c 1.2398 -137.9690
206 Pbca 1.2289 -150.9803
207 P-1 1.2135 -147.7893
208 P-1 1.2424 -145.4395
209 P21/c 1.2213 -144.3725
210 P-1 1.2242 -140.6936
211 P21/c 1.2458 -137.6190
212 C2/c 1.2172 -146.7551
213 P21/c 1.2301 -145.7987
214 P21/c 1.2226 -142.6132
215 P21/c 1.2290 -144.0151
216 P21/c 1.2385 -140.1983
217 C2/c 1.2246 -141.8813
218 P21/c 1.2431 -137.3869
219 Cc 1.2361 -142.5235
220 P-1 1.2272 -142.3123
221 C2/c 1.2100 -145.8525
222 P21/c 1.2433 -140.6289
223 PBCN 1.2480 -147.3052
224 Pbca 1.2249 -143.0033
225 P21/c 1.2373 -143.0069
226 P21/c 1.2346 -141.6904
227 P-1 1.2335 -146.8412
228 P212121 1.2457 -142.0065
229 P21/c 1.2298 -147.3773
230 P21/c 1.2418 -145.2229
231 I-4 1.2111 -142.5117
232 P21/c 1.2435 -137.5160
233 P-1 1.2287 -142.5055
234 C2 1.2287 -147.3408
235 P21/c 1.2388 -148.4880
236 Pbca 1.2268 -145.7204
237 P-1 1.2626 -146.1898
238 C2/c 1.2141 -143.1441
239 Pbca 1.2089 -142.4759
240 P21/c 1.2205 -142.4907
241 P21/c 1.2331 -140.2542
242 P21/c 1.2235 -143.0045
243 P-1 1.2133 -147.8093
244 P21/c 1.2416 -144.3380
245 C2/c 1.2242 -144.4125
246 P-1 1.2400 -143.6150
247 P-1 1.2092 -141.5394
248 C2/c 1.2312 -147.7479
249 P-1 1.2396 -144.9748
250 P21/c 1.2025 -146.3271
251 P21/c 1.2357 -140.3637
252 PBCN 1.2016 -151.4714
253 P21/c 1.2123 -141.6096
254 P-1 1.2152 -139.8695
255 P21/c 1.2330 -139.1025
256 P-1 1.2071 -140.5224
257 C2/c 1.2296 -146.6560
258 P21/c 1.2155 -143.4231
259 P21/c 1.2304 -142.0232
260 P-1 1.2040 -138.9886
261 P21/c 1.2181 -147.4404
262 P21/c 1.2459 -139.6283
263 P-1 1.2134 -147.8049
264 P21/c 1.2174 -142.3627
265 P21/c 1.2304 -144.7491
266 P1 1.2228 -139.3334
267 C2/c 1.2219 -143.0087
268 P21/c 1.2144 -145.8172
269 P-1 1.2346 -139.3993
270 Cc 1.2196 -143.9158
271 P21 1.2177 -142.5723
272 P21/c 1.2336 -152.1463
273 P21/c 1.2409 -140.7164
274 P-1 1.2349 -141.1312
275 P212121 1.2286 -150.3975
276 P-1 1.2211 -145.9508
277 P-1 1.2088 -141.6411
278 P21/c 1.2118 -142.6256
279 P32 1.2237 -146.3214
280 P21/c 1.2490 -143.2672
281 Pca21 1.2168 -143.6685
282 P21/c 1.2295 -139.0707
283 P21/c 1.2388 -143.0235
284 C2221 1.2156 -145.0772
285 P-1 1.2255 -144.8286
286 P21/c 1.2351 -144.5089
287 P21/c 1.2296 -150.2910
288 P21/c 1.2320 -140.6369
289 P21/c 1.2247 -155.2185
290 C2/c 1.2375 -140.7465
291 P21/c 1.2129 -147.2555
292 P21/c 1.2534 -147.2810
293 P1 1.2264 -143.4672
294 P-1 1.2098 -141.8261
295 Pbca 1.2238 -142.8612
296 PBCN 1.2016 -151.4699
297 P-1 1.2229 -143.1886
298 P21/c 1.2211 -140.7029
299 P21/c 1.2327 -140.7763
300 C2/c 1.2405 -136.4854
301 Pca21 1.2168 -143.6780
302 P21/c 1.2379 -142.0538
303 P21/c 1.2104 -143.6743
304 P21/c 1.2346 -144.2261
305 P21/c 1.2151 -140.0032
306 C2/c 1.2256 -146.2298
307 P21 1.2356 -142.8719
308 C2/c 1.2166 -146.4231
309 C2/c 1.2389 -136.5679
310 P21/c 1.2410 -139.1943
311 P-1 1.2360 -138.0639
312 P21/c 1.1946 -139.4104
313 P-1 1.1996 -140.2071
314 P-1 1.2086 -142.5272
315 P21/c 1.2091 -144.9548
316 P21/c 1.2242 -147.1549
317 P21/c 1.2348 -139.7145
318 P-1 1.2287 -138.0541
319 P-1 1.2476 -147.6833
320 Pbca 1.2097 -145.8427
321 C2/c 1.2175 -144.2574
322 C2/c 1.2303 -134.3330
323 P-1 1.2234 -139.8220
324 P-1 1.2007 -136.4406
325 P21/c 1.2403 -142.9424
326 P21/c 1.2206 -143.1173
327 C2/c 1.2037 -142.9114
328 P2/c 1.2138 -140.9078
329 P21/c 1.2413 -142.2794
330 C2/c 1.2405 -147.4085
331 C2/c 1.2055 -141.6068
332 P-1 1.2264 -146.4371
333 P21/c 1.2168 -140.3920
334 P21/c 1.2222 -139.6865
335 P21/c 1.2393 -139.3283
336 P-1 1.2179 -142.5989
337 P-1 1.2054 -141.9063
338 P21/c 1.2296 -150.2990
339 C2/c 1.2239 -144.9593
340 P-1 1.2054 -141.9085
341 P21/c 1.2416 -144.2589
342 P21/c 1.2219 -142.6890
343 C2 1.2144 -144.0044
344 P21/c 1.2075 -143.6384
345 Fdd2 1.2042 -139.4943
346 C2/c 1.2304 -144.3452
347 P21/c 1.2238 -139.9535
348 P21/c 1.2365 -141.8659
349 P21 1.2333 -144.3038
350 P1 1.2149 -141.1688
351 C2/c 1.2320 -146.0659
352 C2/c 1.2215 -143.3784
353 P21/c 1.2313 -139.3542
354 P-1 1.2012 -141.1683
355 P21/c 1.2208 -144.4416
356 P21/c 1.2330 -138.5044
357 P-1 1.2326 -140.7163
358 P21/c 1.2076 -143.1361
359 P21/c 1.2238 -145.6936
360 P21/c 1.2076 -140.2092
361 P21/c 1.2204 -143.1986
362 P21/c 1.2114 -147.6195
363 Cc 1.2269 -143.8139
364 C2/c 1.2221 -138.8469
365 C2/c 1.2452 -140.1744
366 C2/c 1.2244 -148.0712
367 P21/c 1.2126 -144.6436
368 P21/c 1.2175 -142.3669
369 P21 1.2186 -138.0499
370 P-1 1.2500 -146.2940
371 C2 1.2214 -139.6233
372 C2/c 1.2296 -145.2316
373 P-1 1.2402 -141.2451
374 P21/c 1.2324 -139.1266
375 P21/c 1.2350 -141.9980
376 P21/c 1.2164 -139.4479
377 P21/c 1.2061 -146.0269
378 C2/c 1.2261 -143.1410
379 Pbca 1.2178 -152.4682
380 P21/c 1.2177 -143.0249
381 P-1 1.2246 -145.4395
382 P21/c 1.2327 -140.7717
383 P21 1.2354 -149.0295
384 C2 1.2255 -146.6902
385 C2/c 1.2285 -138.8860
386 P21/c 1.2304 -142.0115
387 P21/c 1.2235 -138.7886
388 Pbca 1.2307 -139.1273
389 Pbca 1.2089 -142.4811
390 P21/c 1.2015 -144.4387
391 C2/c 1.2270 -140.5640
392 P21/c 1.2279 -140.6584
393 C2/c 1.2165 -146.4077
394 P-1 1.2022 -138.0630
395 C2/c 1.2064 -150.0226
396 P21/c 1.2366 -140.3209
397 P21/c 1.2207 -142.5655
398 P-1 1.2251 -135.0225
399 P-1 1.2283 -141.1246
400 P21/c 1.2270 -143.0056
401 I-4 1.1958 -139.4423
402 P21/c 1.2263 -146.9789
403 P21/c 1.2321 -138.8904
404 P-1 1.2091 -142.8216
405 P21/c 1.2366 -143.1161
406 C2/c 1.2270 -142.7218
407 P-1 1.2032 -139.4983
408 P-1 1.2162 -137.5888
409 P-1 1.2110 -135.2305
410 P21/c 1.2318 -143.7165
411 C2/c 1.2309 -137.3670
412 C2 1.2235 -139.9804
413 P21/c 1.2489 -143.2367
414 C2/c 1.2230 -139.0910
415 Cc 1.2214 -139.4188
416 P21/c 1.2102 -147.9950
417 P-1 1.2018 -139.2515
418 P-1 1.2263 -139.1577
419 P-1 1.2030 -141.7714
420 C2/c 1.2271 -138.1914
421 P-1 1.1976 -136.8327
422 P21/c 1.2031 -138.7144
423 P21 1.2135 -137.5028
424 P21/c 1.2064 -142.7918
425 P21/c 1.2702 -151.7787
426 P-1 1.2334 -146.8491
427 P21/c 1.2149 -137.3799
428 Pc 1.1960 -138.2458
429 P21/c 1.2123 -141.6017
430 C2/c 1.2111 -141.6935
431 P-1 1.1953 -141.1982
432 P21/c 1.2351 -138.4206
433 Pbca 1.2210 -144.5466
434 P21/c 1.2364 -137.3681
435 P21/c 1.2241 -137.9589
436 P21/c 1.2294 -139.0436
437 P21/c 1.2139 -143.9237
438 P21 1.2179 -138.6981
439 C2/c 1.2189 -140.0201
440 P21/c 1.2416 -145.1651
441 P21/c 1.2167 -142.3079
442 P21/c 1.2203 -142.9896
443 P21 1.2457 -143.7215
444 P21/c 1.2149 -140.7740
445 P-1 1.2172 -136.5690
446 P21/c 1.2102 -139.0637
447 P21/c 1.2076 -138.8761
448 P21/c 1.2207 -145.4126
449 P21/c 1.2179 -137.7718
450 P1 1.2125 -139.9538
451 P21/c 1.2162 -139.5107
452 P-1 1.1952 -134.6911
453 P-1 1.2026 -141.3380
454 C2/c 1.2265 -135.8031
455 P-1 1.1936 -139.0882
456 P21/c 1.2275 -138.3112
457 P21/c 1.2285 -145.3517
458 P21 1.2353 -149.0253
459 P21/c 1.2182 -141.6644
460 P1 1.2170 -142.1099
461 P-1 1.2374 -141.1366
462 P21/c 1.2263 -138.1767
463 P21/c 1.1908 -139.0419
464 P21/c 1.2150 -142.4606
465 C2/c 1.2283 -135.2030
466 Pbca 1.2124 -139.6967
467 Pca21 1.2204 -136.6557
468 P21/c 1.2393 -136.2211
469 P21/c 1.2334 -135.8821
470 P21/c 1.2260 -143.5329
471 P21/c 1.2132 -151.1867
472 P212121 1.2284 -136.8587
473 C2/c 1.1995 -138.7910
474 Pbca 1.2125 -141.2720
475 C2/c 1.2182 -149.1918
476 Pbca 1.2170 -139.0879
477 C2/c 1.1990 -139.0100
478 P21/c 1.2302 -138.8824
479 P21 1.2242 -144.3211
480 PBCN 1.2369 -143.1620
481 Cc 1.2070 -141.5152
482 P-1 1.2064 -138.7280
483 P1 1.2144 -140.4932
484 P-1 1.1927 -134.5961
485 P21/c 1.2103 -146.9758
486 P21/c 1.2284 -139.3127
487 P21/c 1.2149 -138.3979
488 Pbca 1.2067 -148.9031
489 P21/c 1.2518 -144.4294
490 P21/c 1.2124 -142.2483
491 P21/c 1.2202 -139.4524
492 P-1 1.2386 -144.6900
493 P21/c 1.2069 -150.1461
494 P-1 1.1936 -134.7086
495 P21/c 1.2103 -146.9814
496 P21/c 1.2250 -146.2579
497 P-1 1.1942 -137.3750
498 C2/c 1.2170 -153.0308
499 Pbca 1.1922 -144.1901
500 P21/c 1.2152 -138.6943
501 C2/c 1.1910 -140.2822
502 P-1 1.2219 -143.6787
503 Cc 1.2223 -147.5790
504 C2/c 1.2070 -139.6306
505 P21/c 1.2316 -137.0923
506 Pccn 1.1970 -138.3013
507 P21/c 1.2320 -140.6329
508 Pca21 1.2035 -139.0874
509 P-1 1.2084 -140.5137
510 P21/c 1.2155 -144.5838
511 P-1 1.2034 -143.6218
512 Cc 1.2223 -147.5744
513 P-1 1.1752 -136.8190
514 C2/c 1.2118 -140.6666
515 P21 1.2124 -146.8931
516 P-1 1.2561 -150.5296
517 C2/c 1.2074 -139.6161
518 C2/c 1.1948 -139.9032
519 P21/c 1.2364 -137.3623
520 P-1 1.2092 -142.8336
521 P-1 1.2020 -136.0283
522 P-1 1.2130 -143.9659
523 P21/c 1.2351 -139.5546
524 Cc 1.2128 -140.0822
525 P-1 1.2319 -142.5654
526 P21/c 1.2242 -147.1578
527 C2/c 1.2228 -136.1732
528 P-1 1.2091 -142.8286
529 P21 1.2108 -138.0046
530 P21 1.2181 -142.7769
531 P21 1.2265 -139.4790
532 P212121 1.2360 -137.2933
533 Fdd2 1.1874 -137.1245
534 Pna21 1.2104 -140.0908
535 P-1 1.2286 -145.3803
536 Cc 1.2246 -147.5864
537 C2/c 1.2182 -141.1460
538 P21/c 1.2228 -137.7330
539 P21/c 1.2285 -145.3518
540 P-1 1.1844 -136.0787
541 P21/c 1.2259 -136.3646
542 P21/c 1.2122 -138.9369
543 P-1 1.1925 -134.2078
544 P21/c 1.2182 -147.4536
545 P21/c 1.2057 -139.7470
546 Pna21 1.2317 -137.0277
547 P21/c 1.2570 -148.0371
548 P21/c 1.2143 -142.4414
549 P21/c 1.2222 -136.3753
550 P21/c 1.2107 -138.7023
551 P21/c 1.2202 -142.9033
552 Cc 1.2128 -140.0768
553 P-1 1.2204 -140.6651
554 P21/c 1.2205 -145.3827
555 P-1 1.2254 -140.2673
556 P21/c 1.2155 -140.4969
557 P-1 1.1978 -136.6451
558 P21/c 1.2220 -137.8729
559 P21/c 1.2178 -137.7607
560 P21/c 1.2115 -139.9881
561 P21/c 1.2202 -139.4099
562 P21/c 1.2115 -135.3890
563 P-1 1.2014 -138.1167
564 C2/c 1.2083 -139.3933
565 P21/c 1.2363 -144.4509
566 C2/c 1.2215 -134.1253
567 C2221 1.2264 -144.6222
568 P2/c 1.1919 -137.5888
569 P21/c 1.2265 -139.1951
570 C2/c 1.2091 -149.3853
571 C2 1.2152 -141.3612
572 P21/c 1.2374 -147.1257
573 Cc 1.1912 -133.9272
574 P-1 1.1842 -137.7701
575 Cc 1.2217 -136.7133
576 P21/c 1.2077 -137.7002
577 P21/c 1.2017 -133.5819
578 P21/c 1.2310 -136.5114
579 P21/c 1.2244 -140.0263
580 C2/c 1.2156 -141.1748
581 P21/c 1.1760 -137.7797
582 C2/c 1.2133 -141.6006
583 P21 1.2101 -135.8372
584 Pbca 1.2246 -137.6188
585 P-1 1.2035 -143.6256
586 P21/c 1.1894 -136.5396
587 P21/c 1.1980 -139.6117
588 P21/c 1.2301 -144.6754
589 C2 1.2120 -135.6350
590 P21212 1.1995 -148.9843
591 C2/c 1.1999 -143.2115
592 Cc 1.2251 -149.7114
593 P21 1.2245 -139.8614
594 P21/c 1.2533 -142.3333
595 C2/c 1.2097 -140.4416
596 P21/c 1.1980 -140.3697
597 P-1 1.2135 -139.6498
598 C2/c 1.1848 -140.8072
599 P21/c 1.2242 -140.7281
600 P2/c 1.2118 -140.7595
601 P21/c 1.2104 -141.5670
602 P21/c 1.2202 -144.0013
603 P-1 1.2034 -143.6232
604 P21/c 1.2145 -137.6403
605 P21/c 1.2165 -141.0788
606 P21/c 1.2231 -136.7329
607 P-1 1.1905 -138.0257
608 C2/c 1.2174 -140.9841
609 P21/c 1.2192 -135.9262
610 P21/c 1.1847 -136.8538
611 P-1 1.1960 -136.0521
612 Cc 1.2226 -145.2517
613 P-1 1.2076 -142.2111
614 P-1 1.1829 -136.7903
615 P-1 1.2622 -146.5233
616 I41/a 1.1914 -137.9544
617 P21/c 1.2041 -140.4052
618 P21/c 1.2164 -141.1396
619 P21/c 1.1976 -141.3666
620 P21/c 1.2049 -133.9274
621 P-1 1.1924 -138.0757
622 P-1 1.2489 -145.5704
623 Pc 1.2219 -148.5982
624 Pbca 1.2049 -143.4230
625 P21/c 1.2457 -144.2468
626 Cc 1.2011 -143.1349
627 P21/c 1.2079 -141.5363
628 P21/c 1.2284 -139.3113
629 P-1 1.2612 -147.4281
630 C2/c 1.2175 -141.8664
631 P21/c 1.2009 -139.3024
632 P-1 1.1916 -141.0251
633 Pbca 1.2130 -151.3816
634 P21/c 1.2280 -137.9943
635 P21 1.2252 -139.0738
636 P-1 1.2415 -145.2523
637 Pbca 1.2124 -141.2333
638 P21/c 1.2343 -140.0248
639 P-1 1.1803 -136.5969
640 P-1 1.2097 -140.2622
641 P21/c 1.2393 -136.2177
642 P21/c 1.2127 -143.7374
643 P21/c 1.2112 -142.8342
644 Pc 1.2160 -135.0105
645 C2/c 1.1984 -138.2443
646 P21/c 1.2128 -141.3048
647 P2/c 1.1888 -136.3051
648 P21/c 1.2304 -143.7261
649 P21/c 1.1368 -135.9078
650 Pna21 1.2597 -151.3373
651 P21/c 1.2211 -139.3569
652 Pc 1.2131 -151.5467
653 C2/c 1.1952 -141.0669
654 P21/c 1.1969 -138.8515
655 P-1 1.2482 -144.0663
656 P21/c 1.2072 -131.6672
657 C2/c 1.2029 -138.8226
658 P21/c 1.2216 -137.6292
659 P21/c 1.2087 -143.5075
660 C2/c 1.1975 -139.1464
661 C2/c 1.2080 -145.2168
662 C2221 1.2056 -139.8344
663 I41/a 1.1914 -137.9680
664 P2/c 1.1930 -132.6490
665 P-1 1.2170 -136.5788
666 Aba2 1.2103 -145.4208
667 P21/c 1.2063 -147.6485
668 P21/c 1.2178 -140.6303
669 P1 1.2133 -133.9608
670 P21/c 1.2067 -141.0651
671 P21/c 1.2117 -141.1434
672 C2/c 1.1797 -137.2614
673 P21/c 1.2161 -134.5902
674 P21/c 1.2000 -134.0254
675 P212121 1.2231 -135.6550
676 C2/c 1.2144 -138.2493
677 P-1 1.2191 -139.7136
678 P-1 1.2246 -145.4617
679 Pbca 1.2158 -138.0255
680 C2/c 1.2290 -133.6746
681 P-1 1.2083 -142.2584
682 C2/c 1.2029 -140.5137
683 P-1 1.2048 -142.3312
684 P21 1.2059 -134.4285
685 P-1 1.2088 -133.5384
686 P21 1.2138 -143.1353
687 P-1 1.2095 -135.0403
688 P2/c 1.1922 -136.5045
689 P21/c 1.2203 -136.9326
690 P21/c 1.1859 -136.8395
691 C2/c 1.2282 -140.0468
692 C2/c 1.2097 -142.2240
693 P212121 1.2229 -144.0508
694 C2/c 1.2152 -134.8029
695 P21/c 1.2387 -143.5179
696 P-1 1.1960 -140.6826
697 P21/c 1.2304 -142.0189
698 P-1 1.2082 -142.2591
699 C2/c 1.2128 -139.4717
700 P21/c 1.2234 -138.1042
701 P21/c 1.2238 -144.0813
702 P21/c 1.2006 -143.2177
703 P212121 1.2228 -149.4900
704 P-1 1.2298 -148.5000
705 P21/c 1.2066 -141.1511
706 P21/c 1.2123 -139.5738
707 P-1 1.1445 -136.4200
708 P21/c 1.2086 -141.5874
709 P21/c 1.1811 -137.4526
710 C2/c 1.1990 -136.8003
711 C2/c 1.1925 -130.5778
712 P21/c 1.2064 -140.7582
713 P21/c 1.1854 -141.3014
714 P-1 1.2147 -138.6625
715 Pca21 1.2036 -139.0972
716 Pna21 1.1927 -136.9563
717 P21/c 1.2529 -142.3659
718 P21/c 1.2021 -141.4459
719 C2/c 1.2106 -139.6409
720 C2/c 1.2186 -133.1458
721 P21/c 1.2167 -135.9864
722 P-1 1.2104 -138.3845
723 P-1 1.2118 -135.5629
724 Pca21 1.2097 -139.1502
725 P-1 1.1838 -132.5960
726 P21/c 1.2084 -137.2812
727 P21/c 1.2195 -135.5337
728 P21/c 1.1989 -132.0699
729 P21/c 1.2410 -139.2062
730 P21/c 1.1990 -132.2029
731 P21/c 1.2094 -142.1707
732 P21/c 1.2241 -138.1495
733 C2/c 1.1939 -140.3839
734 P-1 1.2137 -144.1153
735 P-1 1.1845 -137.6728
736 P21/c 1.2124 -132.5092
737 C2 1.2175 -141.7701
738 P21/c 1.2416 -144.2562
739 P21/c 1.2179 -136.7270
740 P21/c 1.2077 -137.9096
741 P-1 1.2156 -142.9364
742 C2/c 1.1815 -139.3617
743 C2/c 1.2195 -139.2987
744 C2/c 1.2174 -140.5091
745 P21/c 1.1957 -141.5131
746 C2/c 1.1918 -138.1916
747 P21/c 1.2306 -142.3276
748 P21/c 1.2182 -147.4600
749 C2/c 1.1986 -137.6437
750 P21/c 1.2090 -141.0796
751 P-1 1.1955 -140.6215
752 P21/c 1.2095 -137.1683
753 P21/c 1.2167 -137.3878
754 C2/c 1.2211 -137.6829
755 P21/c 1.2316 -140.0604
756 P21/c 1.2064 -133.6147
757 P21/c 1.1789 -135.8355
758 P21/c 1.2131 -136.3042
759 Pna21 1.2129 -137.3479
760 Cc 1.1983 -139.4370
761 C2/c 1.1911 -139.3357
762 P-1 1.1795 -136.1699
763 Pc 1.2119 -136.9126
764 P21/c 1.2067 -141.0663
765 P21/c 1.2041 -142.2690
766 PBCN 1.1758 -137.7036
767 P21/c 1.2125 -149.1205
768 P21/c 1.2109 -133.7597
769 P21/c 1.2021 -140.7740
770 P21 1.2041 -139.3646
771 C2/c 1.1918 -138.1252
772 P21/c 1.2071 -135.4451
773 P2/c 1.1880 -136.6985
774 P21/c 1.2143 -135.2803
775 P-1 1.2512 -144.9617
776 P2/c 1.2065 -140.8817
777 P-1 1.1910 -137.1344
778 P21/c 1.2153 -135.9163
779 P21/c 1.2173 -136.7169
780 P-1 1.2034 -134.9529
781 P21/c 1.2032 -144.7243
782 P21/c 1.2111 -136.7465
783 P21/c 1.2357 -140.3620
784 P-1 1.2401 -148.3431
785 P21/c 1.2108 -140.0268
786 P21/c 1.2007 -148.3216
787 P21/c 1.2081 -143.6255
788 Pbca 1.2196 -137.8869
789 P-1 1.2126 -135.3491
790 C2/c 1.2166 -132.3959
791 P21/c 1.2039 -133.3634
792 P-1 1.1699 -140.2775
793 P-1 1.2287 -142.5239
794 Pbca 1.2017 -141.9930
795 Pc 1.2088 -147.7343
796 P21/c 1.2267 -144.9131
797 C2/c 1.2048 -139.9568
798 P-1 1.1945 -135.0659
799 C2/c 1.1939 -140.3791
800 I41/a 1.1844 -135.4995
801 P21/c 1.2046 -144.3512
802 P-1 1.1784 -136.3281
803 C2/c 1.1996 -132.5572
804 P21/c 1.1787 -135.3637
805 C2 1.2060 -140.4728
806 P21/c 1.2019 -141.2752
807 Cc 1.2090 -134.1369
808 P21/c 1.1963 -140.4101
809 PBCN 1.2480 -147.3111
810 P-1 1.1754 -140.1577
811 P-1 1.1965 -137.4379
812 P21/c 1.2044 -139.5667
813 P-1 1.2109 -137.2291
814 P21/c 1.2238 -132.5538
815 P21/c 1.2417 -144.3431
816 P21/c 1.2012 -138.8506
817 P21/c 1.2062 -142.0470
818 P21/c 1.2094 -142.1189
819 P21/c 1.1957 -130.6647
820 P2/c 1.2027 -134.7958
821 C2/c 1.1892 -140.5457
822 P-1 1.1861 -137.9557
823 Cc 1.1851 -141.8634
824 P21/c 1.2085 -149.5303
825 C2/c 1.2227 -138.0581
826 P21/c 1.2020 -141.4121
827 P21/c 1.2146 -143.1735
828 P-1 1.2333 -146.8531
829 P21/c 1.2149 -137.3843
830 P212121 1.2182 -134.1013
831 P-1 1.2088 -141.6662
832 P21/c 1.1930 -136.2603
833 P21/c 1.2037 -142.7458
834 P-1 1.2621 -149.3828
835 P21/c 1.1942 -130.2775
836 P21/c 1.2037 -133.9411
837 Cc 1.2118 -136.7378
838 P21/c 1.2159 -136.0696
839 C2 1.2132 -140.5212
840 P21/c 1.2126 -140.6244
841 Pna21 1.2100 -144.1034
842 C2/c 1.1720 -139.5513
843 P21/c 1.2153 -142.8970
844 P21/c 1.2143 -142.8792
845 P21/c 1.1955 -131.1709
846 P-1 1.2076 -136.1048
847 P-1 1.1963 -138.1720
848 P21/c 1.2172 -137.8690
849 Pbca 1.2088 -139.6191
850 P21/c 1.2222 -144.8197
851 PBCN 1.2170 -142.4851
852 Pca21 1.2158 -142.6403
853 P-1 1.2297 -137.1106
854 P21/c 1.1968 -139.6544
855 P21/c 1.1940 -130.5623
856 C2/c 1.1874 -139.9981
857 P-1 1.2477 -147.8912
858 P-1 1.2088 -141.6587
859 P21/c 1.2034 -133.1806
860 Pna21 1.2046 -146.8765
861 P21/c 1.2366 -143.1101
862 C2/c 1.2060 -137.3961
863 C2/c 1.2270 -140.5543
864 C2/c 1.2104 -139.3560
865 P-1 1.2622 -146.5290
866 P21/c 1.2134 -142.1086
867 P21/c 1.2018 -141.1568
868 C2/c 1.1938 -139.6521
869 P-1 1.1867 -138.0246
870 P21/c 1.2202 -133.5471
871 P21/c 1.2119 -137.9087
872 P21/c 1.1746 -137.1729
873 C2/c 1.2044 -130.4912
874 P21/c 1.2124 -135.4800
875 P21/c 1.2160 -131.4270
876 P21/c 1.2134 -140.3744
877 P21/c 1.1825 -133.1371
878 Cc 1.2494 -151.6384
879 P-1 1.1991 -133.4879
880 P-1 1.2076 -142.2089
881 P-1 1.1784 -138.9249
882 P21 1.2102 -136.2029
883 P-1 1.2172 -139.7615
884 P21/c 1.2012 -133.4464
885 Pna21 1.2028 -133.0464
886 C2/c 1.1953 -142.5512
887 P21/c 1.2011 -133.6570
888 P21/c 1.1928 -136.2764
889 C2/c 1.2042 -140.6710
890 Pbca 1.2088 -139.6233
891 P21/c 1.1934 -138.2188
892 P21/c 1.2529 -142.3698
893 P2/c 1.2189 -136.0458
894 P21 1.2113 -136.7147
895 Pna21 1.2031 -135.6365
896 Pbca 1.2097 -141.7970
897 P-1 1.1801 -134.1281
898 P-1 1.1488 -138.7420
899 R3 1.2241 -138.0071
900 P-1 1.1971 -132.6563
901 Pca21 1.1965 -136.2223
902 P21/c 1.2060 -140.9814
903 P-1 1.1798 -137.4353
904 P21/c 1.2048 -136.8385
905 P21/c 1.1998 -139.5310
906 P21/c 1.1903 -129.7327
907 P-1 1.1637 -135.4113
908 P21/c 1.2117 -136.7391
909 P21/c 1.2008 -135.1926
910 Pbca 1.2178 -152.4704
911 P21/c 1.2016 -140.2981
912 Pc 1.2021 -133.6346
913 P21/c 1.2066 -131.3365
914 P21/c 1.2074 -141.8627
915 Pna21 1.2234 -137.0817
916 Pbca 1.2003 -140.3517
917 P21/c 1.2174 -132.9847
918 P32 1.1986 -135.0682
919 P21/c 1.2109 -134.6453
920 P21/c 1.1905 -138.7159
921 P21/c 1.2203 -140.7224
922 P21/c 1.2074 -137.7428
923 P21/c 1.2074 -138.8411
924 Aba2 1.2041 -142.5902
925 P21/c 1.1897 -137.0898
926 P21/c 1.2188 -139.5953
927 P-1 1.1756 -136.0874
928 P21/c 1.1836 -137.1123
929 P21/c 1.2153 -142.6781
930 Fdd2 1.1981 -136.4220
931 C2/c 1.1932 -132.4538
932 P-1 1.2326 -140.7342
933 P21/c 1.2154 -140.7524
934 P-1 1.1744 -136.6785
935 P41 1.1815 -138.2884
936 C2/c 1.2035 -137.6788
937 P-1 1.1826 -133.8767
938 P21/c 1.2052 -139.9733
939 P-1 1.1753 -136.0341
940 C2/c 1.2011 -140.0337
941 P-1 1.2519 -146.5914
942 P21/c 1.2126 -133.0176
943 C2/c 1.2093 -136.3188
944 C2/c 1.2113 -133.9157
945 Aba2 1.2266 -146.9012
946 P21/c 1.2243 -140.7432
947 P21/c 1.2307 -142.3427
948 C2/c 1.2022 -131.6416
949 C2/c 1.2211 -137.6791
950 C2/c 1.2032 -138.8227
951 P21/c 1.1963 -140.4102
952 P-1 1.1729 -135.4115
953 P21/c 1.1893 -133.6908
954 PBCN 1.1963 -136.3056
955 P-1 1.1980 -131.5332
956 P21/c 1.2241 -139.7097
957 P21/c 1.1995 -146.1929
958 P21212 1.1898 -136.1361
959 P-1 1.2106 -137.2308
960 C2/c 1.2042 -140.6759
961 P21/c 1.1896 -137.2098
962 P21/c 1.2038 -139.1658
963 P21/c 1.2060 -140.2408
964 P21/c 1.1985 -140.0651
965 P21/c 1.2141 -133.7514
966 P-1 1.2086 -142.5257
967 P21/c 1.1996 -130.1839
968 P21/c 1.2081 -143.6175
969 P21/c 1.2084 -139.0045
970 P21/c 1.2014 -139.8105
971 Pna21 1.1939 -136.3280
972 P-1 1.2516 -147.7987
973 P21/c 1.1909 -137.4052
974 P-1 1.1924 -135.6724
975 P21/c 1.1945 -133.3851
976 C2/c 1.2193 -132.8203
977 C2/c 1.1959 -138.5812
978 Pbca 1.1949 -140.4322
979 P-1 1.1845 -137.6762
980 P21/c 1.2291 -137.7069
981 C2/c 1.2004 -139.6285
982 P21 1.2018 -137.6717
983 P21/c 1.2304 -139.4000
984 P-1 1.2242 -140.6907
985 C2/c 1.1797 -137.4432
986 P21/c 1.2073 -134.5408
987 C2/c 1.2079 -145.2385
988 P21212 1.2092 -142.2217
989 P21/c 1.2096 -141.1500
990 P21/c 1.1955 -140.1703
991 C2/c 1.2160 -140.3947
992 Pca21 1.2061 -139.5902
993 P-1 1.2052 -138.5538
994 P21/c 1.1990 -132.0586
995 Pbca 1.1850 -141.2898
996 C2/c 1.1865 -138.9817
997 P-1 1.2287 -145.3883
998 C2/c 1.2097 -136.6092
999 P21/c 1.1883 -137.5576
1000 Pca21 1.1805 -138.8336
1001 P1 1.1999 -138.3431
1002 P21/c 1.1889 -135.4182
1003 P21/c 1.1964 -130.9500
1004 P21/c 1.2179 -136.7046
1005 P21/c 1.1931 -130.1191
1006 R3 1.1926 -134.4382
1007 P21/c 1.1974 -137.4292
1008 P31 1.2190 -139.4592
1009 P21/c 1.2079 -133.6974
1010 P21/c 1.1992 -130.4185
1011 Cc 1.2141 -134.5700
1012 C2/c 1.2246 -137.9610
1013 P-1 1.2627 -146.1963
1014 P-1 1.1891 -138.2210
1015 P21/c 1.2016 -129.3507
1016 P-1 1.1962 -131.0252
1017 P21/c 1.1996 -137.6393
1018 P21/c 1.2305 -142.0311
1019 P-1 1.2203 -140.6605
1020 Pbca 1.2001 -147.8859
1021 P21/c 1.1813 -138.3866
1022 P-1 1.1894 -137.0449
1023 P21/c 1.1978 -138.3847
1024 Pc 1.1811 -137.3819
1025 C2/c 1.1790 -139.4773
1026 C2/c 1.2060 -137.4129
1027 P21/c 1.1781 -137.1369
1028 P21/c 1.2037 -132.9467
1029 P21/c 1.1985 -130.4554
1030 P-1 1.1995 -133.6808
1031 P-1 1.2037 -137.1136
1032 P21/c 1.1976 -134.2633
1033 Pbca 1.2028 -140.8014
1034 Pbca 1.1923 -135.0982
1035 C2/c 1.2112 -141.9808
1036 C2/c 1.1954 -132.0795
1037 P21/c 1.1995 -133.9052
1038 Pna21 1.2037 -138.0032
1039 Pbca 1.2016 -137.0781
1040 P-1 1.1907 -137.5678
1041 P21/c 1.1716 -139.5412
1042 P21/c 1.1979 -140.3617
1043 Pna21 1.1785 -135.0805
1044 P21/c 1.1859 -138.2494
1045 Aba2 1.2261 -138.0627
1046 P-1 1.1693 -135.8636
1047 P2/c 1.1887 -132.8819
1048 Pna21 1.2100 -141.3258
1049 P21/c 1.1897 -132.5255
1050 P21/c 1.2019 -138.9031
1051 P21/c 1.2073 -132.3580
1052 C2/c 1.1980 -136.2905
1053 C2/c 1.2272 -138.0356
1054 P21/c 1.1905 -136.5150
1055 P-1 1.2030 -137.7361
1056 P21/c 1.1868 -138.6685
1057 P21/c 1.1984 -136.1868
1058 P21212 1.1995 -148.9869
1059 P21/c 1.1953 -139.6526
1060 C2/c 1.2087 -134.6633
1061 C2/c 1.1850 -138.3664
1062 P21/c 1.2119 -144.9898
1063 P21/c 1.2104 -134.7446
1064 P21/c 1.2028 -139.0670
1065 C2/c 1.2181 -140.5915
1066 P-1 1.1677 -135.6035
1067 P21/c 1.2296 -150.2914
1068 P-1 1.1673 -134.5340
1069 C2/c 1.1976 -134.9769
1070 P21/c 1.1860 -134.8133
1071 P-1 1.2429 -144.3786
1072 C2/c 1.2083 -137.5633
1073 P21/c 1.2182 -142.8122
1074 P21/c 1.2255 -136.4948
1075 P21/c 1.2119 -144.9864
1076 P21/c 1.1807 -137.1949
1077 P2/c 1.1873 -136.6842
1078 P-1 1.1995 -136.3717
1079 P21/c 1.2195 -135.5274
1080 P21/c 1.1795 -133.6401
1081 P21/c 1.2571 -148.0439
1082 P21/c 1.2207 -145.4082
1083 Cc 1.2148 -134.2081
1084 P21/c 1.2026 -141.1157
1085 C2/c 1.2398 -137.9800
1086 R-3 1.2095 -136.4705
1087 P21/c 1.2117 -141.4568
1088 P-1 1.2479 -144.8410
1089 P21/c 1.2386 -147.4800
1090 P-1 1.2402 -148.2201
1091 C2/c 1.1880 -138.2090
1092 P-1 1.1674 -133.7050
1093 P21/c 1.1980 -133.1903
1094 Pbca 1.2177 -138.8175
1095 P21/c 1.1954 -134.1143
1096 C2/c 1.1802 -138.1651
1097 C2 1.1962 -138.4992
1098 P21/c 1.2065 -136.6124
1099 C2/c 1.2053 -139.8742
1100 Pca21 1.2025 -146.2328
1101 Aba2 1.2031 -138.8509
1102 C2/c 1.2074 -133.7170
1103 P21/c 1.2118 -145.0156
1104 C2/c 1.2052 -133.8065
1105 P21/c 1.1946 -133.3024
1106 P-1 1.1751 -137.7873
1107 P21/c 1.2236 -139.2773
1108 P21 1.2121 -135.1868
1109 P21/c 1.1880 -139.6998
1110 P-1 1.2716 -146.5744
1111 C2/c 1.1938 -135.4360
1112 P212121 1.2068 -128.9593
1113 P21/c 1.1821 -137.1644
1114 P-1 1.2488 -142.4490
1115 P21/c 1.2040 -140.1249
1116 Pbca 1.2108 -131.7740
1117 P21/c 1.1924 -138.7075
1118 C2/c 1.1942 -135.0499
1119 P21/c 1.1985 -140.0575
1120 P21/c 1.1826 -133.2237
1121 Pbca 1.1868 -137.2749
1122 P-1 1.1881 -135.8141
1123 P1 1.2169 -142.1433
1124 P21/c 1.2102 -130.2906
1125 C2/c 1.1978 -135.5831
1126 Pna21 1.2045 -136.3797
1127 P2/c 1.2007 -131.7430
1128 P21/c 1.1844 -135.0220
1129 P-1 1.2000 -132.9549
1130 P-1 1.2539 -152.6339
1131 C2/c 1.2055 -129.4940
1132 P21/c 1.1903 -139.4366
1133 P-1 1.2533 -145.9937
1134 P21/c 1.2243 -138.4475
1135 P21/c 1.2222 -144.8156
1136 P21/c 1.2024 -134.9396
1137 P21/c 1.1933 -138.9958
1138 Cc 1.1946 -142.3698
1139 Pbca 1.2135 -139.3661
1140 P21/c 1.2154 -140.7627
1141 P21212 1.1995 -148.9812
1142 C2/c 1.1992 -139.7519
1143 P-1 1.1971 -132.6527
1144 P21212 1.2104 -142.6351
1145 C2/c 1.1862 -130.6685
1146 P21/c 1.2087 -141.9758
1147 P212121 1.1844 -132.7861
1148 Pc 1.2002 -133.5175
1149 P-1 1.1828 -138.4485
1150 P21/c 1.2091 -138.0134
1151 C2/c 1.2088 -135.0965
1152 P-1 1.2500 -146.3031
1153 P21/c 1.1994 -133.0793
1154 P21 1.2034 -141.4507
1155 P212121 1.2038 -141.8275
1156 P21/c 1.2055 -134.8005
1157 P-1 1.1924 -131.6786
1158 P-1 1.1880 -137.6589
1159 P21/c 1.2213 -136.6343
1160 P21/c 1.2502 -145.4079
1161 Pbca 1.1892 -135.7632
1162 P-1 1.2104 -138.3799
1163 C2/c 1.1797 -136.3624
1164 C2/c 1.1893 -139.0260
1165 Pbca 1.2081 -139.9576
1166 Pbca 1.2069 -136.4628
1167 C2/c 1.1967 -130.5583
1168 C2/c 1.1924 -135.9144
1169 P21/c 1.2074 -134.5827
1170 C2/c 1.1869 -134.0499
1171 P21/c 1.1947 -130.8045
1172 P21/c 1.2202 -136.0129
1173 P2/c 1.2040 -143.2947
1174 C2/c 1.1843 -128.2626
1175 P1 1.2148 -141.1278
1176 P21/c 1.1895 -135.0891
1177 P21/c 1.1743 -135.8342
1178 P21/c 1.1897 -132.1003
1179 Pbca 1.2044 -145.6095
1180 P21/c 1.1991 -148.1278
1181 P21/c 1.2130 -139.0075
1182 P-1 1.2479 -144.8421
1183 Pc 1.1904 -130.6472
1184 P-1 1.1721 -137.0064
1185 C2/c 1.2052 -131.5255
1186 C2/c 1.1877 -135.2742
1187 P21/c 1.1999 -138.2760
1188 P21/c 1.2232 -137.7925
1189 P4/n 1.1692 -134.7029
1190 Pbca 1.2009 -139.6847
1191 P21/c 1.1880 -136.4736
1192 P-1 1.1882 -135.2535
1193 P2/c 1.1888 -136.3155
1194 P-1 1.1918 -136.5702
1195 C2/c 1.1867 -139.1466
1196 C2/c 1.1848 -138.0141
1197 P21/c 1.1942 -137.1219
1198 C2/c 1.1982 -139.4843
1199 P-1 1.1759 -136.4615
1200 C2/c 1.1867 -136.9722
1201 C2 1.2122 -139.0926
1202 P21/c 1.2203 -144.9448
1203 P21/c 1.1725 -135.8804
1204 Aba2 1.2147 -140.8989
1205 P21/c 1.1945 -130.6281
1206 P21/c 1.2001 -140.7089
1207 P21/c 1.2004 -132.7250
1208 P-1 1.2136 -144.1363
1209 P21/c 1.2314 -139.3694
1210 P21/c 1.2018 -133.0992
1211 P21/c 1.2188 -139.5974
1212 P21/c 1.1829 -132.9072
1213 P21/c 1.1805 -137.1163
1214 P-1 1.2468 -150.6613
1215 P21/c 1.1963 -137.3251
1216 P21/c 1.1912 -137.1111
1217 P-1 1.1776 -134.2038
1218 P-1 1.1865 -135.1807
1219 P21/c 1.1927 -135.6429
1220 P-1 1.2031 -139.4949
1221 Aba2 1.2131 -139.9481
1222 Cc 1.1767 -136.4405
1223 Pbca 1.1938 -138.2038
1224 P21/c 1.1688 -136.5194
1225 C2/c 1.2010 -133.4876
1226 Cc 1.2022 -141.7071
1227 P-1 1.2032 -139.5027
1228 C2/c 1.1565 -138.2956
1229 P21 1.2043 -132.5407
1230 C2/c 1.2011 -133.5240
1231 P21/c 1.2130 -146.7160
1232 P21/c 1.1792 -135.9955
1233 P21/c 1.2014 -135.5533
1234 P21/c 1.2155 -135.8410
1235 P21/c 1.2148 -140.7641
1236 P21/c 1.2131 -139.0684
1237 P21/c 1.2204 -135.2782
1238 C2/c 1.1859 -136.1698
1239 P-1 1.2627 -146.2057
1240 P-1 1.2116 -143.4981
1241 P21/c 1.1957 -141.1602
1242 P21/c 1.1964 -131.6823
1243 P-1 1.1860 -137.9223
1244 C2/c 1.2486 -151.0624
1245 P-1 1.1700 -129.2801
1246 P21/c 1.1660 -138.5471
1247 P-1 1.2033 -135.0104
1248 P-1 1.2097 -140.2724
1249 P21/c 1.2151 -137.5573
1250 P21/c 1.1903 -132.0813
1251 Pbca 1.1808 -138.7859
1252 C2221 1.2146 -140.7385
1253 Pna21 1.2034 -136.1597
1254 P21/c 1.2214 -136.4842
1255 P21/c 1.1940 -134.3364
1256 C2 1.1998 -135.4827
1257 P-1 1.1761 -132.6887
1258 C2/c 1.2055 -131.5881
1259 P-1 1.2326 -140.7304
1260 P-1 1.1799 -137.4391
1261 C2/c 1.2100 -145.8540
1262 Pbca 1.2036 -138.5906
1263 P-1 1.2272 -142.2785
1264 PBCN 1.1893 -134.4343
1265 P-1 1.1757 -135.8029
1266 C2/c 1.1928 -133.9738
1267 Pca21 1.2204 -136.6594
1268 C2/c 1.1896 -128.1137
1269 P21/c 1.2142 -140.9094
1270 P21/c 1.1630 -134.8377
1271 P-1 1.2179 -142.6550
1272 P21/c 1.1968 -133.6563
1273 P21/c 1.1938 -133.8616
1274 P21/c 1.1842 -133.3369
1275 P21/c 1.2102 -148.0034
1276 R3c 1.1992 -133.1609
1277 P-1 1.1815 -133.7358
1278 C2/c 1.1785 -136.7924
1279 P-1 1.1732 -137.5399
1280 P-1 1.1764 -133.4816
1281 P21/c 1.2006 -143.2255
1282 P21/c 1.2007 -141.8568
1283 P21/c 1.2118 -144.9811
1284 P21/c 1.1862 -136.3552
1285 Cc 1.1623 -133.2140
1286 C2/c 1.1902 -138.1708
1287 P21/c 1.1973 -143.6244
1288 P21/c 1.1918 -135.6942
1289 C2/c 1.2039 -142.7060
1290 C2 1.2077 -135.7199
1291 P21/c 1.2044 -132.4584
1292 P21/c 1.1673 -130.4875
1293 P-1 1.2116 -143.4673
1294 C2/c 1.1959 -144.1325
1295 Pna21 1.2036 -135.9294
1296 C2/c 1.2034 -139.1373
1297 P21/c 1.2220 -142.6904
1298 P2/c 1.1888 -139.3836
1299 Pbca 1.2078 -133.7790
1300 C2/c 1.1765 -136.7469
1301 P2/c 1.1907 -143.5003
1302 Pca21 1.1728 -135.1298
1303 P21/c 1.1725 -135.3762
1304 P-1 1.1970 -135.5972
1305 P-1 1.2299 -148.5129
1306 P21/c 1.1981 -132.0641
1307 C2/c 1.2256 -137.7234
1308 P-1 1.1913 -130.3795
1309 P21/c 1.1877 -133.8710
1310 Cc 1.2088 -144.7806
1311 P21/c 1.2050 -138.3612
1312 C2/c 1.2011 -134.3630
1313 P21/c 1.2075 -133.5225
1314 P21/c 1.2212 -143.3497
1315 Pbca 1.2104 -138.8189
1316 C2/c 1.2325 -148.0070
1317 C2/c 1.2004 -132.0744
1318 P21/c 1.2102 -146.9722
1319 P-1 1.2251 -135.0282
1320 P21/c 1.1856 -136.4429
1321 P21 1.2072 -133.9001
1322 I-4 1.1959 -139.4585
1323 Pna21 1.2043 -132.0094
1324 Cc 1.2069 -141.8021
1325 P21 1.1914 -136.8894
1326 C2/c 1.1790 -139.4919
1327 P21/c 1.1950 -133.6019
1328 P-1 1.1660 -135.1172
1329 C2/c 1.1882 -134.7646
1330 P21/c 1.2133 -142.0979
1331 C2/c 1.1937 -139.3940
1332 C2/c 1.1921 -137.1935
1333 C2/c 1.2124 -136.4182
1334 P21/c 1.1666 -133.4928
1335 Pca21 1.2062 -134.4518
1336 Cc 1.1880 -129.4419
1337 Pbca 1.2000 -142.0908
1338 P21/c 1.1631 -132.4669
1339 P-1 1.2483 -144.0804
1340 PBCN 1.1879 -139.9338
1341 P21/c 1.2079 -141.9976
1342 P21/c 1.1829 -130.2887
1343 Pccn 1.1764 -138.4668
1344 Pbca 1.2050 -137.8940
1345 P21/c 1.1873 -136.9728
1346 P-1 1.1964 -136.8789
1347 Pbca 1.1838 -140.2973
1348 PBCN 1.2148 -141.0553
1349 Cc 1.1938 -133.0463
1350 PBCN 1.1869 -136.7231
1351 P21/c 1.2366 -143.1105
1352 P21/c 1.2012 -138.8513
1353 P21/c 1.2086 -143.4775
1354 P2/c 1.1907 -143.4935
1355 PBCN 1.1895 -139.5163
1356 C2/c 1.1832 -133.5471
1357 C2/c 1.1871 -133.4941
1358 P21/c 1.2005 -131.9860
1359 P-1 1.1583 -134.7762
1360 P21/c 1.1750 -137.7360
1361 P-1 1.2562 -150.5370
1362 PBCN 1.1845 -133.7920
1363 P21/c 1.1952 -131.6807
1364 P-1 1.1732 -137.5412
1365 C2/c 1.1989 -133.4650
1366 P21/c 1.1808 -136.6640
1367 P212121 1.2039 -131.3549
1368 P-1 1.2520 -146.6213
1369 P21/c 1.1839 -137.6327
1370 P21/c 1.2025 -139.4557
1371 C2/c 1.2272 -138.0385
1372 Pbca 1.1662 -136.2976
1373 Cc 1.1949 -138.4896
1374 P21 1.2181 -142.7739
1375 C2/c 1.1725 -136.4101
1376 C2/c 1.2071 -134.3588
1377 Pbca 1.2116 -138.1097
1378 P-1 1.1997 -132.7782
1379 P21/c 1.1853 -131.9621
1380 P21/c 1.2143 -142.4546
1381 P-1 1.2116 -143.5052
1382 P21/c 1.2160 -140.4298
1383 C2/c 1.2137 -137.2795
1384 P-1 1.1900 -140.2981
1385 P21/c 1.1787 -135.8684
1386 P-1 1.1767 -137.1492
1387 Cc 1.2106 -131.1731
1388 P21/c 1.1639 -131.7976
1389 P21/c 1.2018 -141.1590
1390 P-1 1.2212 -145.9728
1391 P21/c 1.1881 -136.5840
1392 P-1 1.1880 -133.4041
1393 P-1 1.1607 -136.2614
1394 Cc 1.1927 -140.1655
1395 C2/c 1.2273 -138.0490
1396 P21/c 1.2366 -143.1149
1397 P-1 1.2076 -136.0989
1398 P21/c 1.2441 -143.5171
1399 C2/c 1.2015 -134.7577
1400 Pbca 1.1928 -131.3955
1401 P21/c 1.1833 -138.9488
1402 P21/c 1.1738 -131.1233
1403 P21/c 1.2067 -137.8419
1404 P21/c 1.1703 -133.9489
1405 P21/c 1.2159 -134.6432
1406 P-1 1.1847 -134.3756
1407 P21/c 1.2014 -136.3421
1408 C2/c 1.1645 -136.5308
1409 P21/c 1.1796 -134.2777
1410 P21/c 1.1953 -139.6746
1411 P21/c 1.2024 -141.3391
1412 P31 1.1881 -139.8045
1413 P21/c 1.2036 -135.0778
1414 P2/c 1.2011 -140.0827
1415 P21/c 1.1869 -134.6466
1416 C2/c 1.1951 -133.4387
1417 P21/c 1.1784 -134.3477
1418 C2/c 1.2107 -128.4242
1419 C2/c 1.2070 -137.5334
1420 Cc 1.1770 -138.0710
1421 C2 1.1884 -139.1632
1422 P21/c 1.2284 -139.3182
1423 P1 1.1976 -135.7047
1424 C2/c 1.1548 -132.2053
1425 P21/c 1.2021 -141.4490
1426 P21/c 1.2107 -138.6992
1427 P21/c 1.1895 -131.6500
1428 C2/c 1.2125 -136.4452
1429 P-1 1.1804 -138.5082
1430 P-1 1.1945 -137.9508
1431 P21/c 1.2123 -137.8478
1432 C2/c 1.1847 -132.2918
1433 C2/c 1.2029 -132.2691
1434 P-1 1.2488 -142.4487
1435 P21/c 1.1645 -133.8497
1436 P21/c 1.2061 -138.7597
1437 P21/c 1.2010 -130.2264
1438 P21/c 1.2346 -144.2182
1439 P21/c 1.2033 -134.4770
1440 P-1 1.1712 -134.4634
1441 C2/c 1.1769 -131.6511
1442 C2/c 1.2164 -136.4471
1443 P21/c 1.2156 -144.5868
1444 P-1 1.2561 -150.5165
1445 P-1 1.2489 -145.5847
1446 P-1 1.1856 -139.8438
1447 P21/c 1.2082 -139.1145
1448 P21/c 1.2037 -148.7726
1449 P21/c 1.2122 -132.8716
1450 P21/c 1.2168 -137.0650
1451 Cc 1.1993 -136.0017
1452 C2/c 1.1578 -132.1132
1453 P21 1.2031 -139.7477
1454 P-1 1.1991 -140.5006
1455 P21/c 1.1904 -135.6747
1456 C2 1.1932 -132.3808
1457 P21/c 1.2167 -137.0661
1458 C2/c 1.2011 -138.1794
1459 C2/c 1.1846 -128.3898
1460 P31 1.2117 -135.1934
1461 P-1 1.2489 -145.5956
1462 C2221 1.1947 -138.7106
1463 P21/c 1.2002 -137.8897
1464 P21/c 1.1994 -139.9293
1465 P21/c 1.1643 -134.6024
1466 C2221 1.1902 -136.7237
1467 P21/c 1.2089 -133.1648
1468 P-1 1.2053 -138.9627
1469 P-1 1.1711 -133.1128
1470 P21 1.2103 -138.6665
1471 P21/c 1.1857 -137.1333
1472 P-1 1.1742 -135.9129
1473 P-1 1.1733 -134.8266
1474 Pbca 1.1830 -133.9067
1475 Pbca 1.1992 -139.1769
1476 C2/c 1.1960 -136.1766
1477 P2/c 1.2035 -142.0096
1478 P21/c 1.1867 -138.4452
1479 Cc 1.1963 -132.7690
1480 P-1 1.2052 -137.6409
1481 Pna21 1.1919 -129.8324
1482 P21/c 1.1998 -137.7755
1483 P-1 1.1906 -140.6340
1484 P21/c 1.1977 -138.1182
1485 P21/c 1.1925 -131.9751
1486 P-1 1.2488 -142.4450
1487 P21/c 1.1956 -138.1339
1488 P-1 1.2488 -142.4479
1489 P21/c 1.1899 -138.7201
1490 C2/c 1.2184 -141.6096
1491 P21/c 1.1951 -139.2574
1492 C2/c 1.1885 -137.8808
1493 C2/c 1.1794 -136.1782
1494 P21/c 1.1816 -136.9376
1495 Pna21 1.1887 -134.9775
1496 P21/c 1.1996 -133.4963
1497 P21/c 1.1896 -138.6531
1498 P21 1.1887 -135.5715
1499 P-1 1.2608 -145.1475
1500 Pbca 1.2044 -144.6456
1501 P21/c 1.1902 -140.0054
1502 Cc 1.1955 -144.5461
1503 P-1 1.2052 -137.6727
1504 C2/c 1.1821 -136.5676
1505 Cc 1.1961 -138.3295
1506 P1 1.1807 -133.5749
1507 R3 1.1910 -134.2534
1508 P-1 1.1955 -131.7357
1509 P-1 1.2018 -133.0561
1510 P-1 1.2015 -134.9985
1511 Aba2 1.2148 -136.4768
1512 P21/c 1.1929 -136.6397
1513 P21/c 1.2043 -136.2328
1514 P21/c 1.1817 -130.7407
1515 C2/c 1.1976 -139.1416
1516 P-1 1.1816 -129.1030
1517 P21/c 1.1996 -133.1170
1518 P21/c 1.1906 -130.6764
1519 P-1 1.1720 -131.5317
1520 P-1 1.1797 -134.1057
1521 P21/c 1.2090 -139.4913
1522 P-1 1.2052 -137.6768
1523 C2/c 1.2326 -148.0701
1524 P-1 1.1806 -132.6172
1525 P2/c 1.1922 -143.7796
1526 C2/c 1.2053 -130.7724
1527 C2/c 1.1800 -134.4999
1528 P21 1.1973 -135.0964
1529 C2/c 1.1909 -130.3940
1530 P21/c 1.2101 -137.3493
1531 P21/c 1.1690 -132.7754
1532 Pc 1.2002 -129.4825
1533 P-1 1.2417 -146.0913
1534 P21/c 1.1963 -130.4564
1535 P21/c 1.1884 -132.7187
1536 P212121 1.2025 -139.0446
1537 P-1 1.1739 -138.3635
1538 P21/c 1.2156 -144.5962
1539 P-1 1.2333 -145.2678
1540 C2/c 1.2022 -138.1333
1541 P21/c 1.1657 -136.9153
1542 C2/c 1.1952 -131.8531
1543 P-1 1.2251 -135.0311
1544 P-1 1.1796 -131.6023
1545 C2/c 1.2204 -140.5061
1546 P21/c 1.1810 -137.4475
1547 C2 1.2099 -138.6660
1548 C2/c 1.1787 -126.6841
1549 P-1 1.1594 -134.8228
1550 P21/c 1.1645 -136.9177
1551 P21/c 1.1943 -139.4660
1552 C2/c 1.2093 -139.4662
1553 C2/c 1.1823 -133.7118
1554 P-1 1.1847 -132.9316
1555 P-1 1.1699 -131.3484
1556 P21/c 1.1996 -137.6367
1557 P21/c 1.2060 -138.2290
1558 Pbca 1.1938 -138.1794
1559 C2/c 1.1853 -130.5528
1560 P-1 1.1712 -137.1640
1561 P212121 1.1875 -135.0157
1562 P212121 1.2005 -130.9935
1563 P21/c 1.1903 -138.7450
1564 Fdd2 1.2051 -132.8982
1565 Pbca 1.1874 -134.6228
1566 C2/c 1.1804 -135.4261
1567 P21/c 1.2052 -139.2577
1568 Pca21 1.1995 -132.6367
1569 C2 1.1660 -132.5109
1570 Pbca 1.1880 -133.3305
1571 I-4 1.1625 -134.0551
1572 C2/c 1.2027 -133.9187
1573 P-1 1.2088 -141.6427
1574 P21/c 1.2044 -130.0624
1575 P21/c 1.1922 -132.8381
1576 P21/c 1.2064 -136.3768
1577 P21/c 1.1979 -132.8416
1578 C2/c 1.1973 -136.9737
1579 P21/c 1.2518 -144.4419
1580 C2/c 1.1631 -136.8069
1581 C2/c 1.2046 -129.4940
1582 P21/c 1.2083 -128.9613
1583 C2/c 1.1846 -131.4981
1584 P21/c 1.1855 -134.0211
1585 P21/c 1.1899 -134.8000
1586 P21/c 1.1976 -138.1292
1587 Pc 1.2113 -132.4647
1588 Cc 1.1990 -135.9621
1589 P21/c 1.2034 -139.5682
1590 Pbca 1.1825 -144.5050
1591 R3 1.1931 -131.8094
1592 C2/c 1.1742 -134.7426
1593 P21/c 1.1920 -141.0455
1594 C2/c 1.1939 -134.6515
1595 P21/c 1.1878 -137.9085
1596 P2/c 1.1783 -131.5890
1597 C2 1.1793 -131.7154
1598 C2/c 1.1868 -138.6802
1599 P212121 1.2016 -129.2812
1600 P212121 1.1936 -137.4542
1601 Pca21 1.2026 -146.2486
1602 P-1 1.1898 -136.1628
1603 P21/c 1.1896 -138.6542
1604 P-1 1.2212 -145.9708
1605 P21/c 1.2059 -140.3244
1606 P21/c 1.1945 -134.8814
1607 P21/c 1.1645 -137.1422
1608 C2/c 1.1982 -134.9749
1609 C2/c 1.1758 -131.5967
1610 Pbca 1.2021 -140.5096
1611 P21/c 1.2489 -143.2431
1612 P21/c 1.1928 -131.7193
1613 C2/c 1.1724 -134.1061
1614 P21/c 1.2056 -139.2366
1615 P21/c 1.1778 -129.0853
1616 PBCN 1.1927 -132.4518
1617 P21/c 1.1716 -139.5417
1618 P21 1.2041 -136.9550
1619 P-1 1.1878 -130.2627
1620 PBCN 1.1952 -133.8936
1621 P-1 1.1664 -136.3809
1622 C2/c 1.1807 -134.7612
1623 P-1 1.1805 -132.2474
1624 P21/c 1.1805 -134.6568
1625 P21/c 1.1629 -135.2105
1626 P21/c 1.1780 -136.8723
1627 C2/c 1.1643 -133.4103
1628 P21/c 1.1664 -135.9032
1629 P-1 1.2211 -145.9767
1630 P21/c 1.1891 -137.2190
1631 C2/c 1.1868 -138.6632
1632 P21/c 1.1678 -128.3695
1633 P21/c 1.1969 -136.9425
1634 P1 1.1976 -135.6948
1635 Pccn 1.1914 -135.6898
1636 Pna21 1.1932 -133.4861
1637 P21/c 1.1755 -135.0320
1638 Pca21 1.1752 -137.9987
1639 P21/c 1.1473 -135.5723
1640 P-1 1.2476 -147.6811
1641 Cc 1.1982 -142.2655
1642 P-1 1.2026 -141.3166
1643 P21/c 1.1834 -136.2074
1644 P21/c 1.2029 -136.2809
1645 Cc 1.1739 -128.7949
1646 C2 1.2255 -146.6972
1647 P21/c 1.1937 -141.7275
1648 P21/c 1.1817 -132.3824
1649 P21/c 1.1783 -136.0339
1650 C2/c 1.1914 -136.1220
1651 P21/c 1.1785 -133.3318
1652 P-1 1.1972 -132.6696
1653 P21/c 1.1780 -128.9911
1654 P-1 1.2538 -152.5977
1655 Pccn 1.1976 -135.5195
1656 P21/c 1.1661 -138.5533
1657 P21/c 1.1739 -134.8410
1658 P21/c 1.2244 -135.6270
1659 C2/c 1.1824 -137.0951
1660 P21/c 1.1912 -135.9773
1661 C2/c 1.1860 -135.4110
1662 P-1 1.1764 -137.6956
1663 Cc 1.2038 -141.8445
1664 C2/c 1.1785 -137.4399
1665 Pbca 1.1824 -132.9329
1666 P2/c 1.2012 -140.0499
1667 P21/c 1.1760 -137.7781
1668 C2/c 1.1895 -137.5828
1669 Pbca 1.1637 -137.7537
1670 P21 1.2137 -142.7669
1671 P-1 1.1666 -132.2301
1672 P21/c 1.1937 -141.7263
1673 P-1 1.1713 -130.9389
1674 P21/c 1.1797 -130.9492
1675 Aba2 1.1957 -137.5496
1676 P212121 1.1753 -132.4104
1677 P21/c 1.1793 -130.3104
1678 P21/c 1.2100 -136.1884
1679 C2/c 1.1645 -137.0022
1680 P212121 1.2033 -139.9494
1681 P21/c 1.1724 -132.9253
1682 P21/c 1.1604 -129.1273
1683 P-1 1.1470 -128.2576
1684 P21/c 1.1616 -134.5541
1685 C2/c 1.1915 -132.5226
1686 C2/c 1.1774 -134.9585
1687 P21/c 1.1882 -138.3926
1688 Pbca 1.1794 -133.6190
1689 P21/c 1.1839 -137.6333
1690 P-1 1.2091 -142.8252
1691 P21/c 1.1655 -134.1990
1692 C2221 1.1695 -136.2686
1693 C2/c 1.2405 -147.4200
1694 C2 1.2084 -135.6197
1695 P2/c 1.1742 -133.1649
1696 P-1 1.2018 -139.2767
1697 P21/c 1.1800 -139.0821
1698 C2221 1.1844 -135.5460
1699 P21/c 1.1882 -130.3416
1700 C2/c 1.1832 -130.9148
1701 C2/c 1.1929 -134.5219
1702 P-1 1.1936 -133.4768
1703 Pbca 1.1937 -140.4119
1704 P21/c 1.1831 -128.3740
1705 C2/c 1.1955 -134.6559
1706 P21/c 1.1488 -135.6965
1707 P21/c 1.1879 -130.8106
1708 P21/c 1.1902 -136.0821
1709 Pca21 1.1999 -138.4814
1710 P21/c 1.1914 -128.3074
1711 P21/c 1.1902 -136.0798
1712 Pccn 1.1947 -141.0488
1713 P21/c 1.1896 -137.2185
1714 C2/c 1.1715 -133.8369
1715 P21/c 1.2123 -139.5718
1716 Cc 1.2088 -136.7682
1717 P21/c 1.1786 -132.7325
1718 P-1 1.1723 -130.8633
1719 Pca21 1.1809 -129.4694
1720 Pca21 1.1983 -134.0399
1721 C2/c 1.2064 -134.9178
1722 I-4 1.1573 -133.2261
1723 C2/c 1.1744 -130.0147
1724 C2/c 1.2044 -129.2748
1725 P21/c 1.2131 -133.5168
1726 C2/c 1.2244 -145.2484
1727 C2/c 1.1706 -127.8142
1728 C2/c 1.2066 -138.5573
1729 Cc 1.1954 -136.4193
1730 P21/c 1.2020 -147.5977
1731 P21/c 1.1667 -134.7405
1732 Pbca 1.1581 -137.4909
1733 P21/c 1.1769 -132.7567
1734 P21/c 1.1788 -133.3883
1735 P21/c 1.1869 -134.7873
1736 P-1 1.2053 -138.9847
1737 C2/c 1.1956 -137.9550
1738 P21/c 1.1867 -135.7241
1739 C2/c 1.1787 -128.2509
1740 P21/c 1.1787 -130.3288
1741 P21/c 1.2032 -129.2476
1742 P21/c 1.1822 -130.9278
1743 C2/c 1.1925 -138.6022
1744 C2/c 1.1826 -131.8568
1745 P21/c 1.1958 -130.9968
1746 Pna21 1.2068 -138.5872
1747 P212121 1.1924 -130.4771
1748 C2/c 1.2093 -135.3806
1749 P21/c 1.1537 -133.4776
1750 C2/c 1.1799 -133.0509
1751 P21/c 1.1906 -128.3163
1752 P21/c 1.1934 -138.2185
1753 P21/c 1.1579 -136.2809
1754 P21/c 1.1948 -134.0163
1755 P-1 1.1637 -131.8734
1756 P21/c 1.1777 -130.4392
1757 P-1 1.1778 -133.0797
1758 P21/c 1.2024 -134.7186
1759 P21/c 1.1716 -131.1506
1760 P21/c 1.1833 -137.9094
1761 P21/c 1.2283 -139.2742
1762 P21/c 1.1773 -136.9810
1763 P21/c 1.1648 -134.0563
1764 P-1 1.1527 -134.7745
1765 P21/c 1.1725 -138.6471
1766 Pba2 1.1971 -129.4172
1767 C2 1.1870 -134.4021
1768 C2/c 1.1940 -140.0232
1769 P21/c 1.1701 -131.5247
1770 P-1 1.1930 -136.4166
1771 C2/c 1.2080 -134.7355
1772 P21/c 1.1592 -137.9237
1773 P2/c 1.1834 -134.9149
1774 C2/c 1.1731 -135.7218
1775 P-1 1.1686 -132.4552
1776 Cc 1.1805 -129.3906
1777 Pca21 1.1988 -129.7046
1778 Pbca 1.1875 -134.6437
1779 P21/c 1.1488 -135.4061
1780 C2 1.1915 -136.2884
1781 P212121 1.2031 -137.3610
1782 P21/c 1.1755 -129.9547
1783 P21/c 1.1958 -130.3839
1784 P21/c 1.1987 -145.2885
1785 P21/c 1.1866 -140.6287
1786 C2/c 1.1835 -127.7967
1787 P21/c 1.1255 -134.7662
1788 P212121 1.1727 -141.8214
1789 C2/c 1.1966 -133.0473
1790 Pbca 1.1860 -137.2705
1791 P21/c 1.1866 -127.2521
1792 P21/c 1.2243 -138.1056
1793 C2/c 1.2085 -134.8938
1794 C2/c 1.1729 -134.9798
1795 Cc 1.1942 -130.6061
1796 P21/c 1.1800 -130.4150
1797 Cc 1.1854 -140.1199
1798 Pbca 1.1841 -135.4335
1799 P21/c 1.1962 -140.5138
1800 P21/c 1.1919 -137.1030
1801 Pbca 1.1652 -133.1395
1802 P21/c 1.2150 -142.4615
1803 P21/c 1.1901 -128.0147
1804 C2/c 1.1810 -128.3574
1805 P31 1.1988 -136.9297
1806 P-1 1.2092 -141.5179
1807 P21/c 1.1903 -139.4357
1808 Pna21 1.1960 -139.5636
1809 C2/c 1.1740 -137.3163
1810 P21/c 1.1724 -130.7613
1811 P21/c 1.1683 -133.2348
1812 P2/c 1.1874 -135.6305
1813 C2/c 1.1829 -135.2536
1814 P21/c 1.1735 -135.4887
1815 P2/c 1.1906 -141.6674
1816 P21/c 1.1992 -134.4777
1817 Cc 1.1859 -128.2232
1818 C2/c 1.1656 -131.2726
1819 C2/c 1.1765 -131.5170
1820 P-1 1.1696 -136.7168
1821 P21/c 1.2260 -136.3933
1822 Pca21 1.1736 -134.9513
1823 P21/c 1.1761 -125.5603
1824 P-1 1.2015 -135.0037
1825 C2/c 1.1929 -134.5199
1826 P2/c 1.1668 -135.1663
1827 C2/c 1.1998 -135.6420
1828 Pca21 1.1948 -138.0646
1829 P21/c 1.1942 -134.9350
1830 P21/c 1.1993 -129.1375
1831 Pbca 1.1776 -136.8496
1832 C2/c 1.1657 -131.2923
1833 C2/c 1.1980 -136.3007
1834 P2/c 1.1664 -133.4840
1835 P2/c 1.1735 -133.6117
1836 P21/c 1.1889 -139.5277
1837 Pna21 1.2046 -146.8856
1838 P2/c 1.1888 -136.3037
1839 P-1 1.1685 -134.5265
1840 P21/c 1.1900 -133.6407
1841 P21/c 1.1551 -133.4349
1842 P21/c 1.2538 -142.5686
1843 Pbca 1.1580 -139.2684
1844 P21/c 1.1989 -128.2890
1845 C2/c 1.1702 -132.9819
1846 Pc 1.1971 -129.7102
1847 P212121 1.2121 -141.4508
1848 Pc 1.2132 -151.5625
1849 P21/c 1.1873 -129.6281
1850 C2/c 1.2042 -140.6689
1851 Pca21 1.1997 -138.4233
1852 C2/c 1.1882 -134.9757
1853 I41/a 1.1731 -132.1259
1854 P21/c 1.1676 -131.8847
1855 Cc 1.1899 -142.0365
1856 Pccn 1.1928 -135.0527
1857 P21/c 1.1948 -136.4377
1858 C2221 1.1864 -136.7094
1859 Pna21 1.1942 -127.0984
1860 Pbca 1.1551 -130.3430
1861 P21/c 1.1932 -131.1425
1862 Pbca 1.1768 -132.6851
1863 Pbca 1.1834 -138.0376
1864 P21212 1.1944 -129.5854
1865 P21/c 1.2056 -134.8408
1866 P21/c 1.2066 -141.7640
1867 P21/c 1.1839 -127.5338
1868 C2/c 1.1800 -140.8665
1869 C2/c 1.1502 -133.4563
1870 P21/c 1.1825 -133.3566
1871 P2/c 1.2106 -136.8322
1872 P21/c 1.1713 -133.3906
1873 P32 1.1790 -130.0749
1874 C2/c 1.1848 -137.2243
1875 Fdd2 1.2051 -132.8959
1876 C2/c 1.1720 -134.6879
1877 P21/c 1.1991 -134.4813
1878 C2/c 1.1554 -129.5684
1879 P-1 1.1807 -135.3670
1880 P21/c 1.1873 -131.8668
1881 P21/c 1.2145 -137.6427
1882 Pccn 1.1667 -132.5151
1883 P21/c 1.1748 -133.6693
1884 Pna21 1.1919 -137.5563
1885 P-1 1.1659 -130.0863
1886 P21/c 1.1841 -137.2856
1887 C2/c 1.1701 -134.8880
1888 C2/c 1.1991 -131.5453
1889 P21/c 1.2119 -140.7054
1890 C2/c 1.1740 -133.1701
1891 Pbca 1.1958 -134.3303
1892 P21/c 1.2049 -139.0302
1893 Pbca 1.2049 -143.4203
1894 P21/c 1.1991 -137.1233
1895 Cc 1.1963 -133.1263
1896 P21/c 1.1828 -136.9995
1897 C2/c 1.1826 -135.7079
1898 P2/c 1.1877 -131.4305
1899 P-1 1.2130 -143.9592
1900 P2/c 1.1747 -130.2769
1901 Cc 1.1836 -140.0921
1902 C2/c 1.1704 -129.9927
1903 C2/c 1.2066 -138.9902
1904 P21/c 1.1912 -132.4493
1905 C2 1.1727 -135.8480
1906 C2/c 1.2097 -138.1597
1907 C2/c 1.1814 -135.6144
1908 P21/c 1.2020 -147.5960
1909 P-1 1.2282 -141.1240
1910 C2/c 1.1897 -135.5142
1911 P21/c 1.2039 -133.3844
1912 P21/c 1.1867 -131.3553
1913 P3221 1.1896 -135.9757
1914 P21/c 1.1869 -129.4133
1915 PBCN 1.1991 -137.8782
1916 P212121 1.2457 -142.0172
1917 Pbca 1.1788 -136.0162
1918 Pbca 1.1908 -132.0678
1919 P21/c 1.2285 -144.5378
1920 PBCN 1.2000 -134.4698
1921 P21/c 1.1636 -131.3252
1922 P21/c 1.1865 -134.1934
1923 C2/c 1.1716 -131.4500
1924 Pbca 1.2033 -139.2025
1925 Pbca 1.2006 -141.8049
1926 P2/c 1.1958 -131.6932
1927 P21/c 1.2118 -145.0132
1928 Aba2 1.1947 -137.4080
1929 C2/c 1.2030 -132.2880
1930 C2/c 1.2020 -133.3038
1931 P21/c 1.1799 -133.6462
1932 C2/c 1.1884 -133.6983
1933 Pbca 1.1535 -131.1659
1934 P21/c 1.1773 -138.3442
1935 P212121 1.2141 -142.0670
1936 P21/c 1.1870 -133.6853
1937 P21/c 1.1839 -136.3790
1938 P21/c 1.1910 -138.3971
1939 P212121 1.1886 -127.3047
1940 P21/c 1.1953 -132.0368
1941 PBCN 1.1702 -133.9735
1942 P-1 1.1946 -135.0766
1943 C2/c 1.1820 -131.5018
1944 P21/c 1.1964 -137.5503
1945 P21/c 1.1743 -135.9161
1946 P1 1.1882 -128.7750
1947 P21/c 1.2185 -142.1469
1948 C2/c 1.1727 -133.6590
1949 C2/c 1.1852 -133.6452
1950 C2/c 1.1717 -129.0259
1951 P21/c 1.1746 -134.5564
1952 P21/c 1.1783 -135.3629
1953 P21/c 1.1956 -135.9819
1954 P21/c 1.1889 -135.8003
1955 P212121 1.1933 -138.5043
1956 C2/c 1.1823 -128.8626
1957 Pbca 1.1543 -138.3655
1958 C2/c 1.1937 -139.3814
1959 Pbca 1.2017 -142.0221
1960 P21/c 1.1811 -137.4480
1961 P21/c 1.1702 -134.7553
1962 P21/c 1.1722 -131.5837
1963 P21/c 1.2203 -144.9300
1964 P-1 1.1733 -137.5860
1965 P21/c 1.1739 -132.7905
1966 C2/c 1.1721 -138.1683
1967 C2/c 1.1996 -132.5658
1968 P-1 1.2488 -145.5511
1969 P-1 1.1554 -131.4490
1970 P21/c 1.1729 -132.2554
1971 C2/c 1.1916 -138.2234
1972 Pccn 1.1801 -140.1011
1973 Pca21 1.1642 -129.9570
1974 P-1 1.1890 -136.1506
1975 C2/c 1.2325 -146.8755
1976 P21/c 1.1811 -126.9757
1977 Pbca 1.1753 -136.1206
1978 C2/c 1.1925 -128.9271
1979 P21/c 1.1884 -136.2301
1980 C2/c 1.1820 -133.7792
1981 C2/c 1.1692 -135.0367
1982 Pbca 1.1950 -140.4720
1983 P21/c 1.2008 -130.4311
1984 C2/c 1.1655 -131.7836
1985 Pna21 1.1718 -129.6643
1986 P21 1.2074 -146.6759
1987 P21/c 1.1875 -135.2579
1988 Pbca 1.1448 -138.0379
1989 P21/c 1.1944 -142.5744
1990 P21/c 1.1956 -132.6462
1991 P21/c 1.1886 -127.4650
1992 P21/c 1.1971 -136.8412
1993 P21/c 1.1928 -136.5934
1994 P1 1.1949 -136.9443
1995 P2/c 1.1877 -131.4329
1996 P-1 1.1642 -132.0890
1997 P21/c 1.1800 -139.0836
1998 Pca21 1.1979 -143.7724
1999 P21/c 1.2087 -129.5687
2000 P-1 1.1867 -136.1326
2001 P-1 1.1748 -126.8383
2002 C2/c 1.2000 -133.2179
2003 P21/c 1.2007 -141.8590
2004 Fdd2 1.1925 -130.1013
2005 C2/c 1.1603 -136.3879
2006 I-4 1.1671 -134.0635
2007 Pca21 1.1611 -132.7592
2008 P21/c 1.1773 -137.8402
2009 C2/c 1.1869 -137.6299
2010 P21/c 1.1878 -139.7281
2011 Aba2 1.1887 -131.7112
2012 P21/c 1.1937 -141.7138
2013 P-1 1.1895 -126.8091
2014 C2/c 1.1787 -134.1966
2015 C2/c 1.1835 -133.2486
2016 Pca21 1.1928 -131.7850
2017 P21/c 1.1839 -136.3813
2018 P21/c 1.2416 -144.2621
2019 P21/c 1.1876 -132.3050
2020 P21/c 1.1686 -131.6906
2021 P21/c 1.1859 -138.2467
2022 P-1 1.2032 -139.4948
2023 C2/c 1.1905 -135.9846
2024 Pca21 1.1980 -143.7745
2025 P21/c 1.1694 -136.4542
2026 P21/c 1.1970 -132.1793
2027 P2/c 1.1752 -137.7828
2028 P4/n 1.1609 -129.8406
2029 Pna21 1.1823 -131.2436
2030 P21/c 1.1768 -133.5465
2031 P21/c 1.2083 -137.8094
2032 P21/c 1.1762 -133.9129
2033 P2/c 1.1696 -129.2694
2034 Cc 1.2038 -141.8513
2035 C2/c 1.1991 -131.5398
2036 P21/c 1.1928 -135.6129
2037 Pca21 1.1994 -135.7684
2038 Pca21 1.1889 -134.8903
2039 P21/c 1.2001 -135.5558
2040 Pbca 1.2106 -137.9634
2041 P21/c 1.1763 -129.9119
2042 Pna21 1.1939 -133.9394
2043 P21/c 1.1786 -136.8333
2044 P21/c 1.2075 -138.9792
2045 P212121 1.1755 -136.4282
2046 C2/c 1.1788 -135.4373
2047 P21/c 1.1915 -139.1366
2048 C2/c 1.1879 -131.6334
2049 C2/c 1.1795 -132.8417
2050 I-4 1.1726 -134.2279
2051 Pca21 1.1826 -131.7314
2052 P21/c 1.1953 -139.6721
2053 Cc 1.1808 -141.4960
2054 P21/c 1.1903 -134.3001
2055 P-1 1.1938 -134.0762
2056 P21/c 1.1954 -136.9751
2057 Pccn 1.1813 -134.0167
2058 P21/c 1.2146 -143.1707
2059 C2 1.1635 -132.5436
2060 P-1 1.1995 -136.3500
2061 Pc 1.2042 -135.2131
2062 P21 1.1901 -130.8309
2063 P-1 1.1189 -131.7187
2064 C2/c 1.1985 -133.7700
2065 P21/c 1.1616 -137.6432
2066 P21/c 1.1995 -129.8868
2067 PBCN 1.1947 -140.7340
2068 P1 1.1880 -134.1667
2069 C2/c 1.1825 -137.1024
2070 C2/c 1.1584 -137.4835
2071 Pbca 1.1949 -138.4124
2072 Pbca 1.1732 -131.4809
2073 P2/c 1.1867 -130.5007
2074 P21/c 1.1890 -135.5091
2075 Pbca 1.2089 -139.6339
2076 P21/c 1.1964 -131.4061
2077 P-1 1.1527 -131.5750
2078 Pca21 1.1706 -131.4457
2079 P21/c 1.2458 -144.2807
2080 P21/c 1.1610 -134.6707
2081 C2/c 1.2112 -141.7225
2082 PBCN 1.1761 -128.9870
2083 C2221 1.1864 -136.7190
2084 P21/c 1.2021 -142.3720
2085 P-1 1.2202 -139.5761
2086 R3c 1.1951 -132.1081
2087 Aba2 1.2096 -138.6505
2088 P21/c 1.1874 -137.2595
2089 P21/c 1.1957 -136.6330
2090 P21/c 1.1808 -128.6367
2091 P21/c 1.1868 -133.1878
2092 P21/c 1.2118 -144.9791
2093 Pca21 1.1925 -140.9849
2094 P21/c 1.1694 -136.4547
2095 P-1 1.1675 -132.5123
2096 P21/c 1.1751 -137.7537
2097 P21/c 1.2321 -138.8940
2098 P2/c 1.2016 -127.7072
2099 P21/c 1.1785 -136.8010
2100 P21/c 1.2037 -142.7469
2101 P21/c 1.2075 -138.9723
2102 C2/c 1.2008 -136.3419
2103 P21/c 1.1568 -130.5127
2104 C2/c 1.1763 -136.1421
2105 P21/c 1.2066 -139.0028
2106 P21/c 1.1656 -136.4973
2107 P21/c 1.1794 -133.1829
2108 Pc 1.1668 -128.5571
2109 C2/c 1.1665 -137.2548
2110 C2/c 1.1899 -140.4952
2111 P2/c 1.1822 -133.4560
2112 P2/c 1.1916 -129.9075
2113 P4/n 1.1578 -132.7041
2114 P-1 1.2385 -145.0704
2115 P21/c 1.1714 -129.8232
2116 C2/c 1.1737 -133.0125
2117 P21/c 1.1933 -128.0790
2118 C2/c 1.1709 -128.6580
2119 P21/c 1.1825 -128.6063
2120 P2/c 1.1671 -133.2107
2121 P-1 1.1341 -130.6028
2122 P21212 1.1956 -136.9407
2123 P-1 1.1293 -130.3774
2124 C2/c 1.1731 -136.2737
2125 PBCN 1.1802 -129.5735
2126 C2/c 1.1820 -135.6238
2127 P2/c 1.1993 -133.4999
2128 P21/c 1.1773 -131.1576
2129 P21/c 1.2014 -135.5543
2130 P21/c 1.2014 -135.5546
2131 P21/c 1.1666 -142.0685
2132 PBCN 1.1915 -136.1478
2133 P21/c 1.1694 -137.2091
2134 P21/c 1.1712 -142.3705
2135 Pbca 1.1901 -139.9444
2136 P21 1.2074 -146.6709
2137 P21/c 1.2058 -139.6272
2138 Cc 1.1956 -132.3482
2139 C2/c 1.1546 -136.9739
2140 P-1 1.2136 -136.0378
2141 C2/c 1.1813 -129.0314
2142 C2/c 1.1665 -131.2803
2143 P21/c 1.2162 -139.5196
2144 P21/c 1.1573 -131.1294
2145 P21/c 1.1850 -128.8091
2146 P21/c 1.1749 -132.2146
2147 P21/c 1.1870 -127.6964
2148 I-4 1.1573 -133.2267
2149 P-1 1.2425 -146.6874
2150 Cc 1.1899 -136.0441
2151 Pccn 1.1807 -138.6506
2152 P21 1.2179 -142.6628
2153 P21/c 1.1527 -129.8654
2154 C2/c 1.1771 -136.4575
2155 P21/c 1.1740 -133.2557
2156 P21 1.1900 -130.8239
2157 P21/c 1.1826 -133.2951
2158 P21/c 1.1898 -135.5452
2159 Aba2 1.1889 -138.8988
2160 P21/c 1.1893 -133.6107
2161 Pca21 1.1966 -132.2521
2162 C2/c 1.1886 -137.4616
2163 P-1 1.1728 -130.9812
2164 Pna21 1.1674 -132.9196
2165 P21/c 1.1704 -129.7676
2166 C2/c 1.1991 -131.5379
2167 R3c 1.2065 -136.5428
2168 P21/c 1.2242 -138.0961
2169 C2/c 1.1579 -132.0391
2170 P-1 1.1733 -137.5766
2171 P21/c 1.1657 -136.9119
2172 P21/c 1.1884 -130.7920
2173 P21/c 1.1738 -135.5663
2174 P-1 1.2360 -138.0515
2175 P21 1.2386 -158.5968
2176 Cc 1.2054 -138.8900
2177 C2/c 1.2137 -137.2751
2178 P21/c 1.1761 -137.8106
2179 C2221 1.1878 -133.2338
2180 P21/c 1.1744 -138.4936
2181 Pna21 1.1647 -132.3129
2182 C2/c 1.1978 -137.9799
2183 C2221 1.1994 -136.1592
2184 P21/c 1.1884 -135.1802
2185 C2221 1.1658 -135.6562
2186 I41/a 1.1492 -129.7329
2187 P21/c 1.1912 -133.0815
2188 P2/c 1.1931 -129.4712
2189 PBCN 1.1855 -133.8680
2190 P21/c 1.1807 -126.5759
2191 Pbca 1.1509 -129.1807
2192 P-1 1.2559 -150.5024
2193 P21/c 1.1828 -137.0322
2194 P21/c 1.1817 -135.1161
2195 P21/c 1.1938 -131.4494
2196 P-1 1.2429 -146.9703
2197 P-1 1.2088 -141.6366
2198 PBCN 1.1617 -137.0772
2199 C2/c 1.1897 -133.0519
2200 P21/c 1.1861 -138.6994
2201 PBCN 1.1432 -130.7326
2202 P21/c 1.1872 -128.0321
2203 C2/c 1.1743 -134.8320
2204 P21/c 1.1679 -131.9807
2205 P-1 1.1983 -133.9994
2206 Pc 1.2034 -137.1386
2207 P-1 1.1621 -130.3581
2208 P21/c 1.1608 -132.9036
2209 P21/c 1.1798 -134.0583
2210 Pc 1.2010 -136.5277
2211 Pccn 1.1826 -135.5150
2212 Pbca 1.1669 -133.8638
2213 P21/c 1.1988 -131.3206
2214 Pbca 1.2044 -145.6134
2215 P21/c 1.1692 -137.1407
2216 C2/c 1.1849 -135.6474
2217 Pbca 1.1805 -136.5525
2218 C2 1.1995 -135.3015
2219 P-1 1.1707 -132.7603
2220 I-4 1.1544 -132.7548
2221 C2/c 1.1955 -134.6540
2222 P21/c 1.1458 -132.1317
2223 P21/c 1.1839 -133.2734
2224 P21/c 1.1922 -141.0940
2225 P21/c 1.1949 -135.4104
2226 Pbca 1.1790 -135.5870
2227 C2/c 1.1770 -133.4096
2228 P21/c 1.1818 -138.1383
2229 P21/c 1.1837 -135.0979
2230 P21/c 1.1885 -134.8426
2231 P21/c 1.2460 -139.6727
2232 P21/c 1.1835 -133.1443
2233 C2/c 1.1922 -135.3229
2234 P21/c 1.1796 -134.2867
2235 P-1 1.1751 -128.3790
2236 P31 1.1888 -137.3777
2237 P2/c 1.1632 -127.6077
2238 P21/c 1.1787 -127.7930
2239 P21/c 1.1949 -135.4067
2240 Cc 1.1740 -138.7504
2241 P21212 1.2024 -139.9737
2242 Pbca 1.1819 -135.3485
2243 Pca21 1.1969 -135.7013
2244 Cc 1.1994 -130.8828
2245 P21/c 1.1515 -131.9728
2246 P21/c 1.1474 -129.8995
2247 P21/c 1.1920 -128.3651
2248 C2/c 1.1398 -137.2121
2249 P-1 1.1622 -127.6939
2250 P21/c 1.1896 -130.4543
2251 P21/c 1.1636 -132.5611
2252 P-1 1.1812 -132.1250
2253 C2/c 1.1773 -128.5196
2254 P21/c 1.1881 -142.2594
2255 PBCN 1.1715 -127.3785
2256 C2/c 1.1999 -136.9386
2257 P21/c 1.2062 -134.2359
2258 P2/c 1.1658 -130.9867
2259 Cc 1.1829 -126.7360
2260 P21/c 1.1884 -129.6822
2261 Pna21 1.1829 -128.2912
2262 P212121 1.2032 -137.3665
2263 Pna21 1.1841 -135.3594
2264 I41/a 1.1619 -130.5553
2265 P21/c 1.1902 -131.4325
2266 P21/c 1.1611 -131.3595
2267 P21/c 1.1796 -133.6236
2268 P-1 1.1840 -130.2202
2269 P-1 1.2032 -139.4991
2270 C2/c 1.1674 -132.3723
2271 C2 1.2036 -142.3643
2272 P21/c 1.1579 -131.2295
2273 P21/c 1.1672 -126.1152
2274 Pbca 1.1684 -130.2276
2275 P-1 1.1891 -138.2212
2276 P21/c 1.1906 -128.7277
2277 C2/c 1.1875 -139.2792
2278 C2/c 1.1940 -134.9212
2279 P21/c 1.2052 -139.2582
2280 P21/c 1.1792 -132.6225
2281 Pna21 1.1928 -129.2249
2282 C2/c 1.1861 -136.8631
2283 P61 1.1739 -133.9023
2284 Cc 1.1654 -125.5754
2285 P21/c 1.1603 -133.4892
2286 C2/c 1.1965 -132.8815
2287 P-1 1.2716 -146.5724
2288 C2/c 1.1976 -132.7053
2289 PBCN 1.1959 -134.0880
2290 P21/c 1.1831 -135.4276
2291 P-1 1.1389 -134.2298
2292 P21/c 1.1787 -129.6924
2293 P21/c 1.1697 -131.7708
2294 Pccn 1.1716 -130.9528
2295 PBCN 1.1492 -130.3264
2296 P21/c 1.2285 -144.5385
2297 P212121 1.1943 -143.4782
2298 P21/c 1.2023 -137.9620
2299 C2/c 1.1946 -134.5915
2300 C2221 1.2117 -137.5625
2301 C2 1.2012 -136.8625
2302 P21/c 1.1819 -130.1914
2303 Pc 1.1611 -131.9601
2304 P-1 1.2539 -152.6452
2305 P-1 1.1887 -133.4153
2306 C2/c 1.1987 -132.4400
2307 C2/c 1.1691 -130.7002
2308 P21/c 1.1916 -134.8561
2309 C2/c 1.1679 -133.7204
2310 P2/c 1.1559 -130.8475
2311 P21/c 1.1673 -128.3671
2312 P21/c 1.1799 -139.0800
2313 PBCN 1.1527 -131.9598
2314 P21/c 1.1709 -131.2623
2315 Pbca 1.1728 -132.3079
2316 P-1 1.2053 -138.9676
2317 P21/c 1.1731 -128.0298
2318 C2/c 1.2000 -137.2185
2319 C2/c 1.1791 -125.5617
2320 R-3 1.1928 -133.6065
2321 P-1 1.1895 -132.1688
2322 C2/c 1.1750 -133.4511
2323 Pbca 1.1963 -133.6435
2324 P-1 1.1867 -136.1334
2325 P21/c 1.1660 -128.8371
2326 PBCN 1.1698 -127.6477
2327 P21/c 1.1872 -128.0301
2328 PBCN 1.1826 -133.6317
2329 P21/c 1.1859 -129.7269
2330 P21/c 1.1993 -130.4872
2331 PBCN 1.1814 -130.8232
2332 Cc 1.1888 -136.7364
2333 P-1 1.1784 -137.0946
2334 C2 1.2009 -123.6979
2335 PBCN 1.1626 -142.1541
2336 C2/c 1.1767 -131.9001
2337 P21/c 1.1893 -129.5148
2338 PBCN 1.1856 -136.8975
2339 P21/c 1.1830 -136.0956
2340 P-1 1.1718 -134.4998
2341 Cc 1.1790 -129.8749
2342 P21/c 1.1771 -132.4246
2343 P-1 1.1836 -128.1569
2344 P21/c 1.1565 -130.2914
2345 P21/c 1.1469 -128.4287
2346 P21/c 1.2083 -141.8358
2347 Pbca 1.1901 -137.7943
2348 Pbca 1.1672 -140.9107
2349 Cc 1.1990 -131.0387
2350 P-1 1.2007 -137.0006
2351 C2/c 1.1771 -132.3942
2352 P-1 1.1962 -134.5635
2353 P21/c 1.1373 -129.4353
2354 P21/c 1.2091 -133.9845
2355 P2/c 1.1867 -130.5028
2356 C2/c 1.1782 -125.1439
2357 P21/c 1.1985 -137.2063
2358 Cc 1.1937 -137.1232
2359 P21/c 1.1524 -132.0564
2360 P21/c 1.1896 -136.7362
2361 P21/c 1.1675 -131.4800
2362 P32 1.1870 -130.4324
2363 P21/c 1.1952 -132.2238
2364 P21/c 1.1724 -131.9940
2365 P21/c 1.1942 -137.9212
2366 C2/c 1.1936 -135.1524
2367 P21 1.1934 -134.1290
2368 P21/c 1.1749 -131.6365
2369 Pccn 1.1575 -130.4760
2370 P21 1.1742 -130.4860
2371 P21/c 1.1688 -136.5149
2372 C2/c 1.1806 -136.6038
2373 C2/c 1.1959 -140.0893
2374 C2/c 1.1815 -134.6670
2375 C2/c 1.1923 -132.8094
2376 Pna21 1.2464 -140.1546
2377 Pbca 1.1712 -130.2376
2378 Aba2 1.2013 -137.0392
2379 P21/c 1.1637 -125.9571
2380 C2/c 1.1812 -130.3721
2381 P-1 1.1308 -126.5789
2382 C2/c 1.1673 -136.7720
2383 C2/c 1.1785 -136.6734
2384 C2/c 1.1538 -132.2308
2385 P3221 1.1871 -136.0060
2386 P21/c 1.1662 -127.9726
2387 P21/c 1.1939 -136.3941
2388 C2/c 1.2046 -131.8751
2389 C2/c 1.1942 -138.9327
2390 Pbca 1.1701 -135.0059
2391 C2/c 1.1788 -135.4393
2392 P-1 1.2117 -143.5165
2393 P212121 1.2284 -136.8572
2394 P21/c 1.1934 -137.5972
2395 P21/c 1.1683 -125.6099
2396 P-1 1.2116 -143.4800
2397 P-1 1.1675 -129.6419
2398 P21/c 1.1847 -137.1456
2399 P21/c 1.1460 -127.0004
2400 P2/c 1.2056 -129.6638
2401 P-1 1.2041 -135.4026
2402 C2/c 1.1731 -134.8129
2403 Pca21 1.1845 -129.9657
2404 P21/c 1.2084 -135.5352
2405 Cc 1.1962 -133.0083
2406 P-1 1.1552 -130.6707
2407 P212121 1.1977 -138.7358
2408 P21 1.1854 -136.1009
2409 C2/c 1.2077 -136.1224
2410 C2/c 1.2100 -135.7700
2411 P-1 1.1715 -128.0862
2412 P212121 1.1833 -127.2589
2413 C2/c 1.1976 -137.0566
2414 C2/c 1.1653 -132.6873
2415 C2/c 1.1666 -133.0174
2416 P-1 1.1728 -131.4747
2417 P2/c 1.1688 -133.2008
2418 P21/c 1.1590 -133.3109
2419 C2/c 1.1872 -132.5060
2420 C2 1.1630 -130.4180
2421 P21/c 1.1608 -128.1552
2422 P-1 1.1658 -133.0234
2423 P21/c 1.1998 -130.2366
2424 C2/c 1.1642 -132.3296
2425 Pbca 1.2106 -137.9554
2426 P-1 1.1241 -129.2484
2427 Pc 1.1514 -134.0509
2428 P-1 1.1692 -137.2672
2429 C2/c 1.1682 -132.5293
2430 C2/c 1.1818 -134.9717
2431 Pbca 1.1670 -137.2811
2432 P42/n 1.1470 -130.8068
2433 Pbca 1.1793 -132.8009
2434 C2/c 1.1838 -131.5973
2435 P21/c 1.1867 -127.3919
2436 C2221 1.1855 -133.5647
2437 P21/c 1.1842 -130.9471
2438 P21/c 1.1684 -137.6793
2439 P2/c 1.1657 -130.8331
2440 Pc 1.1646 -129.9817
2441 Pna21 1.1951 -135.0933
2442 C2/c 1.1791 -135.3568
2443 P21/c 1.1944 -133.3138
2444 Cc 1.1852 -130.7836
2445 C2 1.1928 -123.5350
2446 C2/c 1.1602 -131.9481
2447 PBCN 1.1616 -130.4105
2448 C2/c 1.1849 -132.3257
2449 P212121 1.2231 -135.6426
2450 Pbca 1.2024 -132.7640
2451 P21/c 1.1962 -137.3090
2452 P21/c 1.2066 -136.9937
2453 C2 1.1988 -132.6434
2454 C2/c 1.1640 -125.5889
2455 P31 1.1786 -135.6714
2456 C2/c 1.1795 -132.3390
2457 P21/c 1.1831 -130.9645
2458 P21/c 1.1617 -131.7319
2459 Pbca 1.1890 -133.2841
2460 P21/c 1.1926 -137.0015
2461 P21/c 1.1516 -134.6304
2462 P21/c 1.1491 -130.6106
2463 P21/c 1.1769 -131.6490
2464 P21/c 1.1682 -134.1574
2465 P-1 1.2001 -127.8387
2466 P-1 1.2385 -146.1897
2467 Pc 1.1838 -126.3441
2468 C2/c 1.1581 -132.7029
2469 C2/c 1.1834 -130.8167
2470 Pbca 1.1766 -132.8808
2471 PBCN 1.1783 -130.6323
2472 P2/c 1.1746 -131.2126
2473 P21/c 1.1835 -137.0976
2474 Pca21 1.1525 -133.9612
2475 C2/c 1.1894 -138.8161
2476 P-1 1.2608 -145.1601
2477 C2/c 1.1770 -133.7908
2478 P21/c 1.2061 -131.3470
2479 C2/c 1.1514 -129.1961
2480 P21/c 1.1903 -133.3689
2481 C2/c 1.1931 -130.7360
2482 R-3 1.1736 -135.2364
2483 C2221 1.1839 -136.0658
2484 C2/c 1.1822 -127.5711
2485 C2/c 1.1870 -133.4561
2486 P2/c 1.1628 -129.6436
2487 C2/c 1.1750 -131.0119
2488 P21/c 1.1761 -139.4901
2489 P21/c 1.1964 -135.6609
2490 Pbca 1.1782 -132.8710
2491 Pbca 1.2004 -140.3601
2492 P-1 1.1443 -128.9830
2493 P21/c 1.1766 -134.9839
2494 P21/c 1.1815 -134.3224
2495 P-1 1.1501 -135.2806
2496 P-1 1.1541 -131.1244
2497 P21/c 1.1937 -132.0711
2498 P-1 1.1744 -128.5138
2499 P21/c 1.1939 -138.3375
2500 C2/c 1.1701 -129.1710
2501 C2/c 1.1922 -144.8589
2502 C2/c 1.1916 -136.2176
2503 P21/c 1.1808 -135.9929
2504 P21/c 1.1764 -136.1149
2505 P21/c 1.1782 -133.7345
2506 Pba2 1.1971 -129.4243
2507 P21/c 1.2123 -138.9532
2508 P21/c 1.1739 -131.8368
2509 P21/c 1.1671 -132.2010
2510 P-1 1.1514 -131.6367
2511 Cc 1.1990 -138.4035
2512 P21/c 1.2393 -139.3100
2513 P2/c 1.1628 -127.7586
2514 P21/c 1.1889 -139.5473
2515 P21/c 1.1768 -125.2024
2516 Pna21 1.1874 -132.7092
2517 Pna21 1.1783 -126.8164
2518 P21/c 1.1828 -137.4724
2519 C2/c 1.1790 -131.6226
2520 P21/c 1.1913 -131.5694
2521 P212121 1.1911 -129.6783
2522 P21/c 1.1873 -140.0657
2523 P21/c 1.1715 -129.8296
2524 Cc 1.1793 -130.7793
2525 P212121 1.1854 -136.0692
2526 Pca21 1.1743 -126.1198
2527 P-1 1.1945 -135.1077
2528 Pbca 1.1887 -133.5483
2529 P21 1.1733 -128.8070
2530 C2/c 1.1518 -132.9275
2531 P21/c 1.1499 -130.6865
2532 P-1 1.1791 -134.4879
2533 P21/c 1.1742 -129.2981
2534 P2/c 1.1521 -130.7581
2535 P21/c 1.1957 -132.9904
2536 P-1 1.1729 -129.5393
2537 C2/c 1.1920 -133.7780
2538 C2/c 1.1891 -136.6402
2539 P21/c 1.1716 -129.8283
2540 P21/c 1.1894 -124.8471
2541 Pc 1.2014 -140.9434
2542 P-1 1.2177 -142.9493
2543 C2/c 1.1597 -130.7499
2544 P21/c 1.1689 -128.6300
2545 P21/c 1.1761 -138.3369
2546 P-1 1.1570 -133.1853
2547 P21/c 1.1759 -131.8449
2548 P21/c 1.1439 -128.5328
2549 C2/c 1.1999 -127.4421
2550 C2/c 1.1991 -136.5909
2551 PBCN 1.1644 -136.3968
2552 P-1 1.2093 -141.5765
2553 C2/c 1.1684 -131.3301
2554 P21/c 1.1572 -126.5613
2555 P21/c 1.1350 -131.3128
2556 P2/c 1.1888 -136.3199
2557 P21/c 1.1957 -132.5063
2558 C2/c 1.1852 -139.5764
2559 C2/c 1.1731 -136.2741
2560 C2/c 1.1503 -129.3635
2561 C2/c 1.1720 -124.9299
2562 C2/c 1.1922 -127.4688
2563 Pbca 1.1747 -131.8602
2564 P212121 1.1702 -124.4948
2565 P21/c 1.2021 -142.3700
2566 P2/c 1.2015 -134.7509
2567 P-1 1.1693 -137.2800
2568 P21/c 1.1683 -137.1084
2569 C2/c 1.1793 -135.2329
2570 PBCN 1.1933 -132.1916
2571 P212121 1.2231 -135.6522
2572 P-1 1.1773 -135.5509
2573 P21/c 1.2025 -141.3513
2574 P21/c 1.2385 -140.2054
2575 Pc 1.1771 -129.5642
2576 P21/c 1.1727 -136.4072
2577 C2/c 1.2452 -140.1779
2578 P21/c 1.2057 -139.5725
2579 P-1 1.2402 -148.2416
2580 P212121 1.1846 -133.3392
2581 P21/c 1.1811 -132.2191
2582 Cc 1.1816 -139.7198
2583 P-1 1.2212 -145.9805
2584 P2/c 1.1698 -125.2851
2585 PBCN 1.1855 -131.0483
2586 C2/c 1.1942 -134.9680
2587 P-1 1.1803 -137.0868
2588 P21/c 1.1717 -133.6357
2589 P-1 1.1867 -136.4695
2590 C2/c 1.1922 -128.3623
2591 C2/c 1.1757 -134.5774
2592 C2/c 1.1705 -131.1129
2593 C2/c 1.1748 -132.5145
2594 PBCN 1.1692 -128.3763
2595 C2/c 1.1549 -134.8106
2596 C2/c 1.1725 -135.3254
2597 C2/c 1.1609 -135.7607
2598 Pc 1.1921 -136.5974
2599 P21/c 1.1835 -131.4122
2600 C2/c 1.1618 -127.0546
2601 Pc 1.1838 -134.6178
2602 P-1 1.2350 -141.2167
2603 P-1 1.1659 -131.7721
2604 P21/c 1.2457 -144.2601
2605 P21/c 1.1382 -131.8642
2606 PBCN 1.1845 -133.7876
2607 P21/c 1.1741 -129.3827
2608 P21/c 1.1793 -128.5985
2609 P21/c 1.1755 -130.6696
2610 P-1 1.1358 -131.9135
2611 Pccn 1.1668 -127.4770
2612 C2/c 1.1981 -133.4572
2613 C2/c 1.1854 -134.7428
2614 C2/c 1.2029 -135.7709
2615 P21/c 1.2102 -139.9497
2616 P21/c 1.1676 -133.6793
2617 C2 1.2005 -133.4314
2618 P21 1.1734 -131.9509
2619 P2/c 1.1749 -125.7089
2620 Pbca 1.1921 -135.8270
2621 C2/c 1.1506 -130.4400
2622 C2/c 1.1679 -130.5070
2623 P21/c 1.1589 -130.6772
2624 PBCN 1.1684 -131.0371
2625 C2/c 1.1705 -133.2522
2626 P21/c 1.1901 -134.7395
2627 PBCN 1.1718 -130.6405
2628 P21/c 1.1838 -128.5829
2629 P2/c 1.1874 -126.6798
2630 P21/c 1.1753 -131.5564
2631 P21/c 1.1784 -135.1154
2632 Pna21 1.1764 -126.6018
2633 P21/c 1.1723 -133.7341
2634 P21 1.1884 -133.1230
2635 P21/c 1.1773 -137.1417
2636 P21/c 1.1900 -135.3546
2637 P21/c 1.1869 -133.4434
2638 P21/c 1.1783 -132.8909
2639 Pna21 1.1832 -127.3112
2640 P21/c 1.2357 -140.3695
2641 Cc 1.1961 -138.3660
2642 P21/c 1.1661 -135.1540
2643 P-1 1.2360 -138.0544
2644 P-1 1.1786 -131.0079
2645 P21/c 1.1822 -131.9546
2646 Pna21 1.1951 -135.1030
2647 Cc 1.1939 -135.5730
2648 P21/c 1.1497 -130.9933
2649 Pca21 1.1730 -126.9532
2650 P21/c 1.1597 -133.6167
2651 P21/c 1.2033 -137.1713
2652 C2/c 1.1756 -131.1462
2653 P21/c 1.1893 -131.0054
2654 P21/c 1.1632 -125.6728
2655 P21/c 1.1970 -136.8200
2656 P21/c 1.1838 -137.4808
2657 C2/c 1.1959 -140.0862
2658 P-1 1.1418 -134.8197
2659 C2/c 1.1819 -132.1369
2660 Pna21 1.1972 -128.4128
2661 C2/c 1.1860 -132.4111
2662 P21/c 1.2084 -141.8939
2663 P31 1.1646 -137.9471
2664 P21/c 1.2472 -139.4103
2665 P-1 1.1418 -134.8228
2666 Pna21 1.1548 -127.4298
2667 P21 1.1909 -130.5231
2668 Pca21 1.1795 -128.8832
2669 C2/c 1.1944 -127.4061
2670 P21/c 1.1619 -131.0895
2671 C2/c 1.1253 -133.3142
2672 C2221 1.2262 -144.5451
2673 C2/c 1.1812 -140.7885
2674 P21/c 1.1889 -125.1293
2675 P21/c 1.1882 -130.1341
2676 P21/c 1.1544 -133.0009
2677 P-1 1.1989 -135.5990
2678 P-1 1.2627 -146.2200
2679 Pbca 1.1795 -134.8642
2680 Pca21 1.1773 -133.9637
2681 C2/c 1.1774 -133.5101
2682 C2/c 1.2121 -132.9397
2683 P21/c 1.1846 -127.5095
2684 P21/c 1.1472 -129.2762
2685 P21/c 1.1676 -133.6795
2686 C2/c 1.1762 -129.8294
2687 C2/c 1.1786 -126.6472
2688 P21/c 1.1555 -131.7114
2689 P-1 1.2118 -135.5762
2690 C2221 1.1814 -132.6909
2691 Pna21 1.1822 -131.3688
2692 C2/c 1.1527 -131.2373
2693 Pna21 1.1889 -130.1476
2694 PBCN 1.1794 -133.7900
2695 P21/c 1.1852 -135.8049
2696 P21/c 1.2124 -137.8545
2697 P21/c 1.1989 -136.0254
2698 P21/c 1.1761 -135.2064
2699 P-1 1.2117 -135.5188
2700 P212121 1.1639 -127.6540
2701 P21/c 1.2151 -142.4740
2702 PBCN 1.1751 -135.3047
2703 Pna21 1.1831 -137.8367
2704 P21/c 1.1602 -129.7502
2705 Pbca 1.1901 -137.7941
2706 C2/c 1.1709 -126.7200
2707 P2/c 1.1732 -127.3917
2708 P21/c 1.1991 -134.4813
2709 P21/c 1.1967 -135.2377
2710 P-1 1.2627 -146.2162
2711 P21/c 1.2081 -143.6208
2712 P21/c 1.2012 -133.4496
2713 P21/c 1.1747 -131.0602
2714 C2/c 1.1447 -133.7848
2715 P-1 1.1550 -125.4485
2716 C2/c 1.2031 -135.1089
2717 Pbca 1.1867 -138.5521
2718 Pbca 1.1858 -136.5863
2719 C2/c 1.1860 -127.8756
2720 Pca21 1.1882 -140.1019
2721 P21 1.2289 -154.0958
2722 P21/c 1.1883 -135.5341
2723 P-1 1.2207 -145.4629
2724 P2/c 1.1736 -136.5616
2725 P21/c 1.1807 -131.3381
2726 P2/c 1.1775 -130.8180
2727 C2/c 1.1830 -135.0593
2728 P21/c 1.1729 -137.5338
2729 C2/c 1.1797 -136.3563
2730 P-1 1.1468 -128.9710
2731 P21/c 1.1288 -128.3431
2732 P21/c 1.2008 -137.7216
2733 Pbca 1.1779 -133.3072
2734 P21/c 1.1727 -130.5150
2735 Pna21 1.2027 -131.3189
2736 P21 1.1971 -135.0532
2737 C2 1.1971 -136.0645
2738 C2221 1.1628 -125.9307
2739 P21/c 1.1893 -133.6156
2740 P21/c 1.1705 -130.1587
2741 Cc 1.1792 -141.1200
2742 Pba2 1.1691 -127.8179
2743 Pc 1.1398 -128.5126
2744 P-1 1.1389 -134.2364
2745 C2/c 1.1672 -134.4622
2746 P21/c 1.2298 -147.3559
2747 C2/c 1.1534 -126.8557
2748 P2/c 1.1686 -126.5426
2749 C2/c 1.1529 -128.8292
2750 Pbca 1.1831 -132.2621
2751 Pbca 1.1987 -133.1476
2752 P21/c 1.1956 -130.0829
2753 P21/c 1.1610 -139.6415
2754 P2/c 1.1642 -130.8186
2755 C2/c 1.1957 -137.9958
2756 P21/c 1.1741 -135.4706
2757 P21/c 1.1954 -129.8064
2758 Pca21 1.1809 -131.0021
2759 P21/c 1.2039 -133.3905
2760 P21/c 1.1548 -129.6775
2761 Pc 1.1759 -140.6364
2762 P-1 1.1619 -128.1650
2763 Fddd 1.1609 -127.2130
2764 Pbca 1.1525 -129.9052
2765 P21/c 1.1651 -131.7977
2766 C2/c 1.1786 -141.4067
2767 P212121 1.1678 -124.3260
2768 C2/c 1.1954 -137.0970
2769 C2 1.1625 -127.4713
2770 C2/c 1.1837 -133.9166
2771 C2/c 1.1616 -127.8707
2772 P21 1.2072 -146.6507
2773 P21/c 1.1953 -139.1434
2774 C2/c 1.1748 -127.4664
2775 P21/c 1.1617 -135.5972
2776 Pbca 1.2003 -138.3088
2777 P21/c 1.1659 -130.9882
2778 Cc 1.1802 -140.1118
2779 P21/c 1.1785 -133.2594
2780 P21/c 1.1722 -134.7986
2781 P21/c 1.1477 -134.0631
2782 P21/c 1.1604 -129.4054
2783 P21/c 1.1706 -128.4359
2784 P21/c 1.1821 -133.2465
2785 P212121 1.1846 -133.3220
2786 P21/c 1.1783 -133.6180
2787 P21/c 1.1662 -128.5394
2788 P-1 1.1692 -132.6116
2789 P21 1.1830 -138.0580
2790 P21/c 1.1548 -128.3663
2791 2792 2793 2794 2795 2796 2797 2798 2799 2800 2801 2802 2803 2804 2805 2806 2807 2808 2809 2810 2811 2812 2813 2814 2815 2816 2817 2818 2819 2820 2821 2822 2823 2824 2825 2826 2827 2828 2829 2830 2831 2832 2833 2834 2835 2836 2837 2838 2839 2840 2841 2842 2843 2844 2845 2846 2847 2848 2849 2850 2851 2852 2853 2854 2855 2856 2857 2858 2859 2860 2861 2862 2863 2864 2865 2866 2867 2868 2869 2870 2871 2872 2873 2874 2875 2876 2877 2878 2879 2880 2881 2882 2883 2884 2885 2886 2887 2888 2889 2890 2891 2892 2893 2894 2895 2896 2897 2898 2899 2900 2901 2902 2903 2904 2905 2906 2907 2908 2909 2910 2911 2912 2913 2914 2915 2916 2917 2918 2919 2920 2921 2922 2923 2924 2925 2926 2927 2928 2929 2930 2931 2932 2933 2934 2935 2936 2937 2938 2939 2940 2941 2942 2943 2944 2945 2946 2947 2948 2949 2950 2951 2952 2953 2954 2955 2956 2957 2958 2959 