1 P-1 1.3037 -172.8134
2 P-1 1.2990 -165.3335
3 P-1 1.2873 -167.6312
4 P-1 1.2866 -165.9239
5 P-1 1.2756 -163.4759
6 C2/c 1.2787 -162.1480
7 P-1 1.2765 -161.8248
8 P-1 1.2717 -165.5640
9 P-1 1.2683 -163.0006
10 C2/c 1.2804 -162.3645
11 P-1 1.2693 -161.5607
12 P-1 1.2785 -164.0147
13 P21/c 1.2857 -158.5846
14 Cc 1.2657 -163.0327
15 C2/c 1.2756 -158.9892
16 P-1 1.2581 -160.4434
17 P-1 1.2733 -161.9008
18 P-1 1.2537 -160.1288
19 P-1 1.2674 -162.0849
20 Cc 1.2603 -160.2704
21 P-1 1.2619 -158.6065
22 P21/c 1.2720 -160.9328
23 P21/c 1.2728 -156.1121
24 C2/c 1.2632 -161.1128
25 Pc 1.2448 -159.9345
26 P-1 1.2681 -158.8800
27 P21/c 1.2621 -161.3615
28 Cc 1.2869 -159.3257
29 Cc 1.2797 -157.8720
30 C2/c 1.2648 -156.3839
31 P21/c 1.2782 -157.4311
32 P-1 1.2484 -159.9878
33 P1 1.2701 -155.9070
34 C2/c 1.2589 -158.6802
35 C2/c 1.2565 -153.8250
36 P21/c 1.2733 -163.3616
37 P-1 1.2610 -155.8480
38 C2/c 1.2643 -158.6886
39 C2/c 1.2589 -157.2953
40 C2/c 1.2584 -157.2295
41 C2/c 1.2682 -153.6509
42 P-1 1.2475 -157.2888
43 P21/c 1.2576 -160.7328
44 Cc 1.2652 -153.1591
45 Cc 1.2418 -155.1288
46 P21/c 1.2731 -156.9188
47 C2/c 1.2491 -157.3804
48 P-1 1.2833 -157.0311
49 C2 1.2566 -157.5677
50 P21/c 1.2564 -156.3420
51 P21/c 1.2631 -158.3495
52 P21/c 1.2658 -159.9549
53 P-1 1.2687 -155.8843
54 P21/c 1.2544 -159.2546
55 P21/c 1.2517 -158.9904
56 C2/c 1.2458 -159.1372
57 P-1 1.2586 -158.5337
58 C2 1.2587 -158.0792
59 C2/c 1.2802 -162.2808
60 P-1 1.2505 -152.9387
61 P21 1.2693 -165.2724
62 C2/c 1.2521 -156.3985
63 P21/c 1.2551 -156.3074
64 C2/c 1.2756 -159.0011
65 C2 1.2555 -154.6853
66 P21/c 1.2531 -156.8948
67 C2221 1.2384 -153.8592
68 Pbca 1.2424 -154.8398
69 P21/c 1.2631 -158.3429
70 C2/c 1.2554 -154.8093
71 P21/c 1.2558 -158.6081
72 C2/c 1.2599 -156.7891
73 P21 1.2698 -164.7847
74 C2/c 1.2467 -152.7396
75 P21/c 1.2607 -159.9193
76 P-1 1.2586 -153.5453
77 P21/c 1.2477 -158.0639
78 Cc 1.2618 -150.8816
79 C2/c 1.2377 -155.7834
80 P21/c 1.2477 -155.9094
81 C2/c 1.2529 -157.1133
82 C2/c 1.2435 -157.6276
83 P-1 1.2575 -155.6016
84 P21/c 1.2605 -160.3503
85 Cc 1.2661 -163.3193
86 P21/c 1.2506 -159.1202
87 P-1 1.2688 -154.8379
88 P-1 1.2515 -159.6138
89 Aba2 1.2663 -159.3937
90 P-1 1.2600 -152.5311
91 P21/c 1.2507 -156.0957
92 C2 1.2450 -155.2807
93 C2/c 1.2453 -153.5440
94 C2/c 1.2615 -154.1714
95 P21 1.2698 -164.7869
96 C2/c 1.2456 -154.3144
97 Pbca 1.2453 -159.4271
98 P21/c 1.2572 -157.1151
99 Cc 1.2501 -159.4274
100 P21/c 1.2502 -153.4385
101 C2/c 1.2648 -156.3852
102 P21/c 1.2550 -154.7601
103 P21/c 1.2558 -158.6075
104 C2/c 1.2350 -154.1431
105 P21/c 1.2585 -158.4895
106 Aba2 1.2627 -156.2177
107 Pbca 1.2403 -154.7675
108 P21/c 1.2531 -156.7133
109 P-1 1.2481 -157.6515
110 Pccn 1.2555 -151.3922
111 Cc 1.2498 -154.3139
112 Cc 1.2633 -158.5200
113 P21/c 1.2498 -156.1007
114 P21/c 1.2728 -156.1035
115 P21/c 1.2347 -156.8761
116 P21/c 1.2393 -151.3851
117 C2/c 1.2512 -155.9291
118 P-1 1.2470 -156.4923
119 P-1 1.2284 -154.5267
120 P21 1.2497 -158.2829
121 C2/c 1.2451 -152.8139
122 P21/c 1.2454 -156.2389
123 Cc 1.2593 -158.6881
124 P-1 1.2530 -153.5215
125 C2 1.2559 -153.8424
126 Cc 1.2418 -155.2080
127 P-1 1.2538 -148.1271
128 P-1 1.2460 -153.9628
129 C2/c 1.2472 -154.3619
130 P-1 1.2468 -154.9040
131 Cc 1.2491 -155.5716
132 C2/c 1.2304 -156.9650
133 C2/c 1.2406 -153.7377
134 P-1 1.2434 -155.2555
135 Pca21 1.2591 -152.4918
136 P21/c 1.2456 -154.2048
137 P-1 1.2693 -161.5995
138 P21/c 1.2446 -151.8592
139 C2/c 1.2481 -157.6060
140 P21/c 1.2444 -151.9431
141 P21/c 1.2566 -158.4716
142 P21/c 1.2420 -152.7989
143 C2/c 1.2121 -154.8291
144 C2/c 1.2682 -153.5707
145 P21/c 1.2436 -151.2703
146 C2/c 1.2476 -147.9171
147 C2/c 1.2420 -153.7909
148 P21/c 1.2447 -150.6604
149 P21/c 1.2311 -150.3165
150 P21/c 1.2345 -152.8438
151 Cc 1.2637 -155.8532
152 P-1 1.2527 -150.7343
153 Cc 1.2643 -152.5233
154 C2/c 1.2292 -151.6087
155 Cc 1.2484 -157.6090
156 C2/c 1.2281 -153.9187
157 P21/c 1.2333 -152.3156
158 Cc 1.2327 -152.4336
159 PBCN 1.2341 -154.5665
160 C2/c 1.2443 -151.2715
161 P21/c 1.2498 -151.0980
162 C2/c 1.2450 -154.5459
163 P21/c 1.2511 -153.1305
164 C2/c 1.2426 -159.0963
165 C2/c 1.2447 -150.7225
166 C2/c 1.2426 -156.4327
167 P21/c 1.2546 -151.4725
168 Cc 1.2578 -157.7467
169 P2/c 1.2547 -149.4296
170 P-1 1.2990 -165.3712
171 C2/c 1.2313 -151.6745
172 C2/c 1.2272 -152.5852
173 P21/c 1.2434 -151.6573
174 P21 1.2557 -150.8090
175 P21/c 1.2435 -151.2389
176 P-1 1.2988 -165.3110
177 C2/c 1.2357 -150.5762
178 P21/c 1.2335 -150.5353
179 Pca21 1.2485 -150.3175
180 Cc 1.2425 -154.0916
181 P-1 1.2468 -154.8888
182 C2/c 1.2405 -155.0046
183 C2 1.2498 -149.7226
184 C2/c 1.2263 -151.4913
185 P21/c 1.2335 -153.9928
186 C2/c 1.2377 -155.7826
187 P21/c 1.2368 -152.5696
188 Cc 1.2443 -154.5174
189 P21/c 1.2446 -154.4117
190 P21/c 1.2272 -150.9352
191 C2 1.2484 -152.2118
192 Cc 1.2316 -152.1016
193 P21/c 1.2488 -151.2915
194 P21/c 1.2522 -149.0378
195 P21/c 1.2406 -153.9699
196 P21/c 1.2385 -161.1739
197 P21/c 1.2532 -150.3160
198 Pca21 1.2539 -150.7027
199 C2/c 1.2442 -152.7981
200 C2 1.2362 -149.2035
201 C2221 1.2464 -152.7137
202 P21/c 1.2394 -155.3227
203 P21/c 1.2593 -150.2411
204 Cc 1.2411 -157.0693
205 Pna21 1.2544 -149.7716
206 P-1 1.2354 -145.9221
207 Cc 1.2399 -154.1484
208 P21/c 1.2551 -154.8221
209 P31 1.2353 -158.2761
210 P-1 1.2236 -145.2117
211 C2/c 1.2362 -154.2823
212 P21/c 1.2508 -153.8700
213 P-1 1.2372 -152.8904
214 P21/c 1.2398 -151.1449
215 C2 1.2424 -156.5980
216 P21/c 1.2461 -148.8934
217 P-1 1.2438 -148.9654
218 P21/c 1.2105 -147.9337
219 P21/c 1.2307 -147.3071
220 C2/c 1.2345 -150.3802
221 C2/c 1.2399 -154.7384
222 C2/c 1.2417 -148.5157
223 P-1 1.2412 -149.9237
224 C2/c 1.2361 -154.6227
225 P21/c 1.2489 -150.0447
226 C2/c 1.2305 -150.7485
227 P21/c 1.2391 -151.3355
228 C2/c 1.2314 -148.7855
229 P21/c 1.2431 -155.1980
230 P1 1.2555 -149.9961
231 P21/c 1.2487 -155.1644
232 PBCN 1.2466 -150.3564
233 P-1 1.2250 -149.2782
234 P21/c 1.2392 -152.9497
235 C2/c 1.2328 -151.6133
236 P21/c 1.2420 -152.1624
237 P21/c 1.2353 -158.4964
238 P-1 1.2284 -143.6291
239 P21/c 1.2125 -153.9633
240 P-1 1.2008 -152.7307
241 C2/c 1.2262 -149.5517
242 C2/c 1.2409 -152.3081
243 P21/c 1.2304 -152.9567
244 P61 1.2400 -153.1843
245 P21/c 1.2335 -152.2837
246 C2221 1.2433 -149.5299
247 C2/c 1.2310 -151.2071
248 P21/c 1.2566 -158.4722
249 C2/c 1.2432 -151.6128
250 P21/c 1.2347 -150.6768
251 P-1 1.1932 -150.0664
252 P1 1.2308 -156.1627
253 C2/c 1.2332 -152.7972
254 Pbca 1.2367 -155.4816
255 C2/c 1.2426 -159.1115
256 P2/c 1.2202 -147.7404
257 P-1 1.2362 -151.5935
258 P21/c 1.2501 -149.3387
259 P21/c 1.2126 -153.9653
260 P-1 1.2285 -151.0203
261 P-1 1.2370 -155.7082
262 P1 1.2431 -146.7306
263 C2/c 1.2335 -156.3975
264 P-1 1.2660 -161.4369
265 P212121 1.2369 -152.7297
266 P2/c 1.2050 -151.9402
267 C2/c 1.2432 -149.6615
268 C2 1.2373 -151.2824
269 C2/c 1.2642 -158.6691
270 Cc 1.2458 -154.7035
271 P-1 1.2369 -145.9407
272 P21 1.2315 -142.2752
273 P-1 1.1889 -135.2673
274 P21 1.2204 -140.7312
275 P212121 1.1669 -144.2002
276 P-1 1.1693 -142.5080
277 P31 1.1415 -139.3628
278 P21 1.1679 -137.1292
279 Pna21 1.1556 -139.9938
280 281 282 283 284 285 286 287 288 289 290 291 292 293 294 295 296 297 298 299 300 301 302 303 304 305 306 307 308 309 310 311 312 313 314 315 316 317 318 319 320 321 322 323 324 325 326 327 328 329 330 331 332 333 334 335 336 337 338 339 340 341 342 343 344 345 346 347 348 349 350 351 352 353 354 355 356 357 358 359 360 361 362 363 364 365 366 367 368 369 370 371 372 373 374 375 376 377 378 379 380 381 382 383 384 385 386 387 388 389 390 391 392 393 394 395 396 397 398 399 400 401 402 403 404 405 406 407 408 409 410 411 412 413 414 415 416 417 418 419 420 421 422 423 424 425 426 427 428 429 430 431 432 433 434 435 436 437 438 439 440 441 442 443 444 445 446 447 448 449 450 451 452 453 454 455 456 457 458 459 460 461 462 463 464 465 466 467 468 469 470 471 472 473 474 475 476 477 478 479 480 481 482 483 484 485 486 487 488 489 490 491 492 493 494 495 496 497 498 499 500 501 502 503 504 505 506 507 508 509 510 511 512 513 514 515 516 517 518 519 520 521 522 523 524 525 526 527 528 529 530 531 532 533 534 535 536 537 538 539 540 541 542 543 544 545 546 547 548 549 550 551 552 553 554 555 556 557 558 559 560 561 562 563 564 565 566 567 568 569 570 571 572 573 574 575 576 577 578 579 580 582 583 584 585 