1 P-1 1.3172 -179.8325
2 Cc 1.3038 -173.9123
3 C2/c 1.2993 -176.1367
4 C2/c 1.2959 -175.7947
5 P-1 1.2856 -171.9130
6 P21/c 1.2984 -174.8767
7 C2/c 1.2935 -170.6906
8 C2/c 1.2890 -170.7811
9 P-1 1.2749 -167.3524
10 C2/c 1.2863 -169.8996
11 P-1 1.2668 -167.5734
12 C2 1.2788 -172.6734
13 P-1 1.2578 -170.3893
14 Cc 1.2701 -169.7921
15 P-1 1.2683 -163.9558
16 P-1 1.2511 -167.4643
17 C2/c 1.2694 -168.1687
18 P21/c 1.2806 -169.3631
19 P31 1.2696 -165.7052
20 P21/c 1.2780 -164.8590
21 P21/c 1.2795 -165.1840
22 P1 1.2689 -169.6455
23 P-1 1.2630 -164.0527
24 P21/c 1.2704 -165.4239
25 P-1 1.2730 -161.1059
26 P-1 1.2433 -165.6919
27 P-1 1.2512 -167.1341
28 C2 1.2633 -167.1454
29 C2 1.2723 -166.6200
30 P21/c 1.2643 -163.8092
31 Cc 1.2676 -167.4037
32 C2/c 1.2580 -163.8484
33 P-1 1.2600 -166.5265
34 P21/c 1.2621 -167.6140
35 P-1 1.2673 -164.4944
36 P-1 1.2647 -157.7945
37 Cc 1.2628 -166.1108
38 P-1 1.2594 -167.3026
39 C2/c 1.2486 -165.0815
40 P21/c 1.2591 -167.7221
41 P-1 1.2535 -162.0295
42 P21/c 1.2669 -158.6990
43 P-1 1.2596 -157.4921
44 C2/c 1.2605 -158.9970
45 P32 1.2603 -167.4500
46 P21/c 1.2373 -156.3213
47 P-1 1.2506 -161.8591
48 C2221 1.2657 -165.8185
49 P21/c 1.2588 -161.8254
50 P21 1.2514 -170.6037
51 Cc 1.2531 -164.6033
52 C2 1.2611 -167.6231
53 P21/c 1.2662 -164.9777
54 P21/c 1.2592 -161.1866
55 P-1 1.2609 -166.8659
56 P31 1.2560 -162.8762
57 P21/c 1.2468 -157.1669
58 C2/c 1.2497 -164.7046
59 P21/c 1.2612 -165.5413
60 C2221 1.2380 -162.0823
61 C2/c 1.2393 -161.3364
62 P-1 1.2577 -156.2877
63 P21/c 1.2550 -159.7152
64 C2 1.2486 -160.7058
65 P21/c 1.2579 -156.8634
66 P-1 1.2620 -163.7342
67 C2/c 1.2482 -163.2103
68 P-1 1.2620 -163.7299
69 C2/c 1.2532 -165.7259
70 P-1 1.2347 -158.5403
71 P-1 1.2464 -155.8257
72 P-1 1.2512 -167.1278
73 P-1 1.2324 -159.5029
74 Cc 1.2440 -162.2412
75 P21/c 1.2665 -164.2762
76 P-1 1.2481 -161.4856
77 P21/c 1.2548 -161.3953
78 C2/c 1.2526 -158.2706
79 P-1 1.2558 -161.1824
80 C2/c 1.2463 -162.1811
81 P21/c 1.2581 -165.9817
82 P1 1.2588 -163.5231
83 P-1 1.2676 -159.8500
84 P21/c 1.2588 -162.7325
85 P-1 1.2331 -155.7062
86 P21 1.2428 -158.5735
87 P21/c 1.2502 -152.8938
88 Cc 1.2275 -153.9513
89 P21/c 1.2385 -160.7838
90 P21/c 1.2339 -163.4107
91 P-1 1.2304 -155.1720
92 P21 1.2454 -160.3640
93 P-1 1.2465 -154.2807
94 P-1 1.2300 -154.8823
95 P-1 1.2091 -150.8497
96 Cc 1.2400 -155.2284
97 P-1 1.2161 -149.0341
98 Pca21 1.2121 -154.4900
99 P-1 1.2329 -152.0329
100 C2/c 1.1899 -143.4119
101 C2/c 1.2011 -152.2490
102 P21/c 1.2037 -146.8979
103 P-1 1.1964 -152.4772
104 P-1 1.2219 -150.1436
105 P-1 1.2112 -154.0947
106 P-1 1.1521 -141.8121
107 P-1 1.1365 -141.5821
108 P21 1.2512 -170.4847
109 P21 1.0747 -127.9869
